2
50 392
1 44
1 28
1 42
1 45
1 23
1 24
1 23
1 42
1 19
1 27
1 12
1 22
1 27
1 48
1 41
1 46
1 11
1 38
1 8
1 11
1 9
1 9
1 23
1 13
1 25
1 49
1 24
1 20
1 27
1 29
1 15
1 20
1 17
1 35
1 24
1 45
1 43
1 35
1 15
1 22
1 50
1 2
1 7
1 22
1 34
1 2
1 27
1 32
1 40
1 13
1 47
1 40
1 28
1 43
1 24
1 5
1 9
1 22
1 39
1 39
1 25
1 21
1 3
1 18
1 25
1 39
1 17
1 37
1 38
1 28
1 35
1 10
1 11
1 2
1 38
1 13
1 18
1 8
1 47
1 45
1 18
1 34
1 19
1 27
1 7
1 2
1 30
1 25
1 39
1 49
1 34
1 44
1 21
1 18
1 47
1 27
1 32
1 24
1 29
1 6
1 40
1 44
1 48
1 48
1 34
1 13
1 27
1 19
1 22
1 48
1 45
1 41
1 28
1 19
1 38
1 3
1 23
1 46
1 14
1 3
1 24
1 17
1 41
1 44
1 19
1 19
1 34
1 11
1 27
1 18
1 29
1 33
1 41
1 2
1 40
1 46
1 36
1 36
1 2
1 16
1 3
1 27
1 13
1 38
1 7
1 32
1 48
1 47
1 16
1 31
1 26
1 42
1 23
1 38
1 43
1 2
1 12
1 26
1 29
1 24
1 34
1 28
1 2
1 15
1 36
1 48
1 36
1 32
1 38
1 13
1 32
1 19
1 27
1 6
1 29
1 38
1 29
1 9
1 5
1 46
1 3
1 38
1 6
1 30
1 14
1 4
1 35
1 46
1 19
1 38
1 12
1 11
1 33
1 8
1 42
1 14
1 22
1 36
1 36
1 18
1 31
1 20
1 24
1 36
1 37
1 20
1 2
1 27
1 40
1 5
1 30
1 2
1 40
1 11
1 46
1 15
1 43
1 36
1 5
1 18
1 37
1 29
1 6
1 36
1 34
1 39
1 27
1 2
1 3
1 18
1 28
1 4
1 22
1 15
1 9
1 31
1 48
1 42
1 33
1 44
1 26
1 49
1 37
1 49
1 37
1 50
1 3
1 33
1 46
1 49
1 22
1 22
1 6
1 35
1 14
1 16
1 17
1 33
1 42
1 36
1 36
1 28
1 26
1 16
1 2
1 23
1 41
1 3
1 45
1 28
1 3
1 33
1 35
1 2
1 3
1 19
1 4
1 20
1 47
1 16
1 50
1 25
1 18
1 19
1 16
1 30
1 27
1 10
1 15
1 30
1 21
1 46
1 28
1 4
1 41
1 8
1 6
1 25
1 37
1 32
1 15
1 11
1 27
1 24
1 2
1 2
1 37
1 30
1 41
1 30
1 40
1 28
1 24
1 2
1 16
1 46
1 35
1 4
1 15
1 42
1 50
1 25
1 44
1 29
1 50
1 35
1 22
1 2
1 25
1 32
1 28
1 24
1 8
1 17
1 2
1 12
1 17
1 2
1 23
1 13
1 42
1 24
1 13
1 10
1 41
1 2
1 13
1 31
1 23
1 28
1 25
1 13
1 2
1 16
1 17
1 31
1 4
1 46
1 8
1 23
1 15
1 2
1 10
1 31
1 48
1 37
1 14
1 22
1 24
1 33
1 24
1 17
1 33
1 23
1 41
1 17
1 33
1 25
1 41
1 25
1 8
1 46
1 4
1 26
1 18
1 45
1 48
1 35
1 40
1 19
1 36
1 49
22
194 2328
1 139
1 5
1 117
1 75
1 19
1 143
1 52
1 148
1 54
1 48
1 165
1 91
1 100
1 169
1 11
1 79
1 84
1 24
1 86
1 73
1 191
1 52
1 106
1 73
1 59
1 128
1 44
1 14
1 156
1 147
1 178
1 121
1 86
1 68
1 84
1 164
1 53
1 85
1 120
1 71
1 150
1 115
1 188
1 117
1 80
1 79
1 190
1 127
1 23
1 94
1 49
1 164
1 69
1 165
1 90
1 135
1 42
1 64
1 127
1 112
1 146
1 140
1 125
1 104
1 118
1 155
1 119
1 80
1 71
1 39
1 17
1 16
1 58
1 103
1 13
1 138
1 193
1 91
1 66
1 184
1 39
1 123
1 36
1 101
1 46
1 35
1 143
1 191
1 143
1 18
1 146
1 53
1 95
1 192
1 85
1 162
1 51
1 188
1 82
1 174
1 124
1 139
1 62
1 122
1 102
1 190
1 94
1 56
1 82
1 60
1 60
1 178
1 7
1 85
1 68
1 106
1 139
1 152
1 160
1 124
1 24
1 116
1 106
1 104
1 131
1 81
1 173
1 35
1 3
1 89
1 191
1 49
1 170
1 120
1 150
1 145
1 28
1 128
1 12
1 127
1 156
1 86
1 15
1 128
1 88
1 63
1 134
1 90
1 36
1 31
1 95
1 91
1 152
1 137
1 139
1 56
1 42
1 36
1 39
1 150
1 35
1 95
1 52
1 49
1 135
1 32
1 167
1 190
1 74
1 68
1 146
1 24
1 51
1 15
1 30
1 37
1 37
1 65
1 94
1 30
1 194
1 171
1 183
1 86
1 146
1 96
1 46
1 56
1 67
1 3
1 77
1 43
1 20
1 2
1 51
1 133
1 129
1 120
1 42
1 56
1 190
1 129
1 161
1 148
1 183
1 160
1 34
1 44
1 58
1 63
1 141
1 123
1 56
1 105
1 29
1 153
1 194
1 128
1 54
1 174
1 80
1 50
1 98
1 107
1 103
1 51
1 186
1 67
1 85
1 128
1 17
1 188
1 174
1 45
1 37
1 138
1 36
1 45
1 158
1 118
1 60
1 31
1 126
1 60
1 45
1 187
1 20
1 161
1 194
1 87
1 73
1 15
1 123
1 39
1 174
1 159
1 82
1 83
1 54
1 193
1 38
1 63
1 30
1 45
1 178
1 19
1 110
1 89
1 178
1 176
1 179
1 83
1 59
1 86
1 54
1 122
1 121
1 34
1 35
1 2
1 105
1 65
1 169
1 73
1 104
1 45
1 48
1 143
1 59
1 180
1 93
1 116
1 184
1 170
1 69
1 106
1 9
1 7
1 45
1 141
1 170
1 163
1 119
1 96
1 39
1 134
1 50
1 50
1 63
1 27
1 2
1 171
1 13
1 154
1 66
1 64
1 185
1 50
1 21
1 162
1 145
1 19
1 11
1 185
1 23
1 32
1 45
1 59
1 32
1 67
1 128
1 33
1 63
1 72
1 50
1 65
1 129
1 131
1 76
1 143
1 153
1 105
1 60
1 136
1 70
1 22
1 134
1 58
1 163
1 79
1 65
1 8
1 163
1 82
1 8
1 125
1 98
1 173
1 107
1 77
1 27
1 105
1 83
1 150
1 180
1 105
1 80
1 113
1 75
1 135
1 60
1 74
1 136
1 55
1 30
1 36
1 92
1 185
1 22
1 91
1 150
1 44
1 57
1 6
1 190
1 37
1 30
1 6
1 13
1 15
1 75
1 163
1 12
1 145
1 69
1 29
1 132
1 176
1 129
1 64
1 90
1 68
1 161
1 185
1 90
1 95
1 128
1 112
1 79
1 150
1 66
1 142
1 27
1 56
1 53
1 193
1 167
1 137
1 5
1 25
1 21
1 75
1 182
1 91
1 107
1 66
1 5
1 87
1 4
1 13
1 142
1 116
1 81
1 149
1 2
1 63
1 75
1 55
1 88
1 120
1 40
1 127
1 67
1 179
1 151
1 86
1 118
1 105
1 19
1 134
1 117
1 161
1 184
1 54
1 178
1 186
1 185
1 105
1 7
1 74
1 2
1 72
1 48
1 95
1 57
1 98
1 163
1 59
1 176
1 146
1 93
1 190
1 163
1 56
1 5
1 61
1 185
1 177
1 70
1 17
1 188
1 2
1 133
1 85
1 52
1 163
1 171
1 61
1 162
1 32
1 37
1 85
1 158
1 165
1 132
1 129
1 11
1 91
1 185
1 107
1 174
1 162
1 190
1 148
1 33
1 181
1 80
1 62
1 187
1 30
1 135
1 177
1 89
1 37
1 194
1 157
1 34
1 19
1 140
1 32
1 31
1 14
1 177
1 22
1 102
1 129
1 94
1 155
1 63
1 50
1 72
1 161
1 70
1 35
1 138
1 4
1 117
1 86
1 68
1 84
1 58
1 110
1 20
1 139
1 130
1 16
1 194
1 159
1 113
1 180
1 82
1 120
1 71
1 161
1 33
1 66
1 147
1 159
1 108
1 99
1 9
1 110
1 185
1 44
1 8
1 69
1 172
1 178
1 34
1 176
1 135
1 95
1 2
1 9
1 139
1 42
1 41
1 6
1 72
1 111
1 2
1 111
1 137
1 47
1 175
1 141
1 111
1 151
1 185
1 126
1 103
1 23
1 130
1 41
1 55
1 23
1 100
1 83
1 169
1 86
1 167
1 2
1 66
1 31
1 85
1 31
1 156
1 32
1 110
1 133
1 69
1 58
1 185
1 141
1 141
1 29
1 87
1 96
1 178
1 154
1 97
1 3
1 135
1 91
1 29
1 171
1 2
1 159
1 16
1 188
1 126
1 114
1 101
1 118
1 86
1 89
1 39
1 115
1 179
1 3
1 178
1 158
1 54
1 181
1 137
1 116
1 150
1 17
1 174
1 127
1 44
1 154
1 54
1 2
1 167
1 9
1 62
1 152
1 25
1 168
1 70
1 42
1 158
1 188
1 108
1 111
1 107
1 171
1 43
1 141
1 187
1 67
1 75
1 46
1 186
1 178
1 36
1 179
1 168
1 116
1 89
1 190
1 11
1 153
1 57
1 59
1 144
1 52
1 61
1 110
1 178
1 188
1 127
1 144
1 151
1 184
1 79
1 149
1 125
1 50
1 182
1 14
1 168
1 125
1 23
1 59
1 105
1 187
1 139
1 15
1 6
1 7
1 18
1 132
1 93
1 155
1 80
1 159
1 29
1 87
1 35
1 171
1 108
1 128
1 154
1 2
1 170
1 62
1 48
1 136
1 2
1 86
1 135
1 149
1 94
1 46
1 167
1 169
1 163
1 17
1 191
1 191
1 178
1 176
1 108
1 154
1 82
1 2
1 40
1 2
1 5
1 6
1 52
1 78
1 133
1 128
1 127
1 190
1 110
1 54
1 67
1 80
1 90
1 138
1 173
1 27
1 37
1 119
1 151
1 96
1 154
1 162
1 134
1 86
1 35
1 41
1 44
1 187
1 26
1 85
1 108
1 148
1 69
1 177
1 46
1 179
1 63
1 181
1 165
1 89
1 111
1 11
1 95
1 39
1 140
1 97
1 18
1 113
1 53
1 145
1 154
1 118
1 74
1 48
1 28
1 115
1 7
1 122
1 100
1 69
1 32
1 10
1 131
1 187
1 166
1 18
1 42
1 149
1 23
1 28
1 176
1 137
1 102
1 147
1 64
1 130
1 148
1 44
1 145
1 101
1 130
1 16
1 169
1 30
1 191
1 162
1 94
1 81
1 23
1 184
1 97
1 53
1 37
1 136
1 42
1 178
1 148
1 176
1 169
1 98
1 16
1 138
1 75
1 173
1 71
1 168
1 162
1 80
1 94
1 83
1 140
1 116
1 45
1 193
1 19
1 2
1 77
1 82
1 70
1 161
1 53
1 87
1 46
1 52
1 182
1 25
1 148
1 94
1 30
1 112
1 55
1 84
1 49
1 166
1 8
1 161
1 108
1 95
1 169
1 33
1 178
1 132
1 20
1 13
1 183
1 144
1 17
1 130
1 27
1 66
1 68
1 6
1 153
1 70
1 124
1 117
1 166
1 44
1 42
1 35
1 11
1 158
1 149
1 147
1 75
1 39
1 94
1 185
1 74
1 15
1 162
1 140
1 176
1 177
1 117
1 62
1 169
1 94
1 63
1 121
1 171
1 7
1 96
1 149
1 75
1 61
1 20
1 9
1 173
1 179
1 22
1 119
1 190
1 158
1 122
1 75
1 83
1 124
1 71
1 82
1 143
1 151
1 32
1 85
1 59
1 170
1 126
1 168
1 109
1 180
1 5
1 123
1 92
1 161
1 28
1 3
1 43
1 70
1 38
1 56
1 63
1 10
1 114
1 192
1 181
1 20
1 101
1 137
1 94
1 94
1 67
1 63
1 185
1 125
1 85
1 139
1 2
1 140
1 193
1 127
1 170
1 117
1 90
1 94
1 40
1 142
1 69
1 17
1 88
1 152
1 130
1 21
1 88
1 81
1 192
1 91
1 49
1 103
1 156
1 78
1 54
1 130
1 99
1 33
1 2
1 194
1 101
1 20
1 112
1 46
1 165
1 191
1 152
1 189
1 5
1 74
1 79
1 131
1 100
1 155
1 71
1 63
1 58
1 71
1 74
1 40
1 44
1 163
1 104
1 106
1 58
1 133
1 104
1 30
1 127
1 169
1 140
1 132
1 39
1 33
1 147
1 105
1 27
1 122
1 188
1 7
1 81
1 105
1 164
1 139
1 165
1 52
1 184
1 103
1 137
1 44
1 128
1 84
1 163
1 59
1 55
1 166
1 147
1 90
1 79
1 2
1 134
1 190
1 131
1 44
1 26
1 57
1 62
1 38
1 177
1 97
1 148
1 7
1 48
1 177
1 173
1 109
1 179
1 19
1 100
1 148
1 147
1 193
1 94
1 22
1 67
1 40
1 144
1 16
1 119
1 134
1 36
1 48
1 10
1 19
1 4
1 60
1 55
1 168
1 32
1 146
1 133
1 105
1 45
1 65
1 76
1 67
1 68
1 45
1 34
1 115
1 4
1 99
1 140
1 118
1 11
1 85
1 61
1 190
1 189
1 99
1 85
1 26
1 80
1 61
1 121
1 128
1 121
1 165
1 101
1 7
1 19
1 152
1 100
1 53
1 146
1 193
1 47
1 157
1 108
1 128
1 2
1 186
1 111
1 154
1 57
1 183
1 156
1 123
1 164
1 151
1 85
1 155
1 11
1 103
1 82
1 154
1 78
1 16
1 114
1 92
1 123
1 151
1 87
1 194
1 61
1 57
1 76
1 113
1 140
1 63
1 28
1 97
1 124
1 103
1 182
1 53
1 95
1 149
1 58
1 47
1 130
1 41
1 126
1 162
1 119
1 35
1 20
1 68
1 102
1 64
1 107
1 148
1 130
1 89
1 191
1 4
1 178
1 6
1 136
1 116
1 187
1 47
1 78
1 167
1 123
1 18
1 85
1 146
1 50
1 31
1 28
1 181
1 180
1 121
1 71
1 89
1 28
1 141
1 3
1 152
1 185
1 168
1 129
1 57
1 156
1 133
1 39
1 26
1 130
1 102
1 26
1 71
1 179
1 124
1 161
1 147
1 8
1 31
1 46
1 98
1 33
1 23
1 105
1 87
1 36
1 8
1 187
1 184
1 78
1 123
1 93
1 113
1 124
1 13
1 34
1 169
1 101
1 155
1 26
1 144
1 113
1 5
1 90
1 72
1 109
1 39
1 12
1 107
1 9
1 183
1 121
1 30
1 114
1 56
1 99
1 91
1 173
1 83
1 81
1 69
1 126
1 100
1 161
1 98
1 74
1 73
1 73
1 174
1 67
1 188
1 5
1 106
1 76
1 103
1 189
1 115
1 156
1 45
1 33
1 160
1 168
1 32
1 2
1 72
1 182
1 86
1 40
1 25
1 168
1 115
1 47
1 35
1 79
1 162
1 67
1 161
1 9
1 67
1 148
1 107
1 115
1 154
1 183
1 111
1 181
1 183
1 150
1 92
1 159
1 166
1 95
1 106
1 21
1 77
1 5
1 184
1 171
1 53
1 137
1 131
1 183
1 129
1 55
1 128
1 107
1 4
1 156
1 109
1 57
1 52
1 52
1 7
1 41
1 2
1 109
1 59
1 184
1 159
1 156
1 74
1 18
1 27
1 6
1 24
1 152
1 3
1 62
1 31
1 56
1 65
1 64
1 173
1 74
1 139
1 77
1 129
1 187
1 31
1 59
1 107
1 194
1 130
1 131
1 138
1 135
1 40
1 126
1 183
1 161
1 47
1 68
1 191
1 123
1 2
1 138
1 179
1 131
1 189
1 108
1 81
1 168
1 96
1 64
1 112
1 114
1 120
1 8
1 127
1 106
1 165
1 155
1 73
1 149
1 120
1 151
1 38
1 109
1 187
1 69
1 36
1 147
1 40
1 103
1 124
1 179
1 60
1 36
1 58
1 154
1 34
1 65
1 160
1 119
1 102
1 167
1 104
1 193
1 11
1 106
1 23
1 120
1 117
1 109
1 179
1 143
1 13
1 152
1 125
1 24
1 168
1 165
1 53
1 186
1 120
1 88
1 87
1 152
1 76
1 147
1 87
1 186
1 94
1 98
1 185
1 95
1 98
1 115
1 117
1 49
1 30
1 89
1 99
1 120
1 38
1 71
1 191
1 127
1 54
1 163
1 62
1 66
1 84
1 122
1 93
1 23
1 40
1 129
1 67
1 94
1 175
1 163
1 32
1 119
1 72
1 136
1 100
1 89
1 160
1 49
1 28
1 107
1 109
1 29
1 172
1 63
1 181
1 139
1 154
1 16
1 164
1 38
1 183
1 135
1 18
1 20
1 117
1 24
1 138
1 46
1 117
1 5
1 118
1 189
1 158
1 13
1 52
1 74
1 10
1 17
1 142
1 17
1 2
1 71
1 110
1 2
1 177
1 28
1 78
1 30
1 190
1 40
1 114
1 112
1 67
1 138
1 37
1 154
1 68
1 131
1 140
1 13
1 156
1 57
1 65
1 189
1 70
1 123
1 48
1 188
1 20
1 117
1 43
1 167
1 62
1 60
1 126
1 142
1 49
1 6
1 102
1 189
1 4
1 30
1 13
1 119
1 14
1 136
1 63
1 53
1 186
1 39
1 89
1 68
1 76
1 139
1 6
1 193
1 76
1 85
1 69
1 101
1 47
1 51
1 141
1 5
1 30
1 84
1 62
1 146
1 45
1 6
1 132
1 63
1 126
1 21
1 113
1 165
1 154
1 2
1 2
1 87
1 128
1 12
1 33
1 22
1 66
1 185
1 67
1 122
1 60
1 188
1 172
1 193
1 69
1 184
1 11
1 137
1 51
1 101
1 86
1 77
1 41
1 98
1 31
1 181
1 75
1 150
1 6
1 27
1 159
1 67
1 55
1 66
1 30
1 169
1 22
1 67
1 20
1 77
1 9
1 158
1 51
1 179
1 169
1 187
1 89
1 67
1 169
1 119
1 61
1 87
1 19
1 50
1 108
1 171
1 188
1 142
1 75
1 69
1 64
1 151
1 116
1 2
1 171
1 38
1 50
1 28
1 13
1 12
1 127
1 112
1 69
1 77
1 162
1 118
1 110
1 64
1 42
1 92
1 181
1 160
1 87
1 84
1 190
1 87
1 88
1 134
1 160
1 155
1 26
1 110
1 6
1 15
1 55
1 104
1 77
1 92
1 79
1 64
1 29
1 15
1 16
1 45
1 83
1 131
1 39
1 149
1 163
1 125
1 160
1 132
1 182
1 2
1 22
1 102
1 157
1 40
1 127
1 114
1 91
1 139
1 84
1 45
1 145
1 58
1 54
1 10
1 187
1 165
1 180
1 151
1 61
1 123
1 64
1 21
1 102
1 53
1 194
1 130
1 149
1 11
1 31
1 26
1 42
1 149
1 56
1 176
1 190
1 42
1 178
1 61
1 166
1 74
1 24
1 45
1 96
1 98
1 32
1 169
1 194
1 26
1 194
1 129
1 48
1 20
1 129
1 33
1 107
1 179
1 173
1 121
1 193
1 168
1 12
1 39
1 16
1 57
1 73
1 128
1 92
1 174
1 158
1 104
1 35
1 144
1 2
1 152
1 174
1 89
1 33
1 175
1 165
1 43
1 66
1 74
1 183
1 100
1 53
1 106
1 156
1 13
1 71
1 105
1 32
1 49
1 185
1 137
1 101
1 35
1 34
1 154
1 58
1 68
1 63
1 191
1 173
1 14
1 143
1 2
1 62
1 189
1 10
1 89
1 99
1 19
1 61
1 107
1 51
1 131
1 111
1 115
1 121
1 113
1 137
1 108
1 147
1 25
1 16
1 177
1 144
1 122
1 68
1 187
1 77
1 2
1 39
1 138
1 85
1 147
1 99
1 13
1 5
1 80
1 2
1 56
1 20
1 170
1 131
1 50
1 124
1 42
1 34
1 119
1 119
1 185
1 78
1 22
1 164
1 168
1 27
1 57
1 33
1 162
1 2
1 67
1 115
1 35
1 157
1 81
1 94
1 56
1 42
1 23
1 155
1 149
1 158
1 135
1 129
1 145
1 194
1 192
1 62
1 143
1 70
1 77
1 72
1 134
1 23
1 118
1 167
1 67
1 51
1 144
1 89
1 42
1 122
1 49
1 127
1 93
1 98
1 156
1 129
1 120
1 160
1 110
1 129
1 3
1 140
1 115
1 62
1 162
1 41
1 8
1 101
1 125
1 122
1 125
1 22
1 151
1 103
1 50
1 52
1 68
1 116
1 14
1 150
1 148
1 30
1 41
1 36
1 2
1 17
1 152
1 80
1 4
1 117
1 130
1 154
1 113
1 160
1 134
1 172
1 140
1 14
1 50
1 53
1 28
1 98
1 188
1 77
1 37
1 184
1 123
1 64
1 157
1 98
1 84
1 2
1 129
1 48
1 187
1 103
1 2
1 19
1 155
1 114
1 171
1 69
1 93
1 169
1 77
1 119
1 106
1 52
1 59
1 142
1 192
1 2
1 135
1 103
1 46
1 50
1 103
1 152
1 152
1 142
1 52
1 93
1 116
1 136
1 142
1 87
1 166
1 22
1 149
1 175
1 4
1 10
1 93
1 104
1 93
1 81
1 180
1 38
1 126
1 98
1 119
1 71
1 163
1 116
1 12
1 31
1 48
1 15
1 23
1 34
1 95
1 14
1 4
1 104
1 103
1 109
1 151
1 47
1 38
1 97
1 95
1 89
1 14
1 157
1 36
1 63
1 54
1 99
1 54
1 4
1 178
1 64
1 173
1 16
1 66
1 3
1 53
1 78
1 58
1 14
1 40
1 113
1 114
1 136
1 94
1 66
1 165
1 31
1 109
1 186
1 101
1 174
1 97
1 188
1 135
1 35
1 168
1 2
1 36
1 19
1 18
1 45
1 51
1 67
1 115
1 99
1 181
1 112
1 26
1 11
1 78
1 155
1 14
1 19
1 83
1 193
1 174
1 16
1 82
1 180
1 30
1 125
1 186
1 124
1 2
1 110
1 181
1 144
1 102
1 189
1 83
1 86
1 178
1 55
1 8
1 54
1 36
1 179
1 26
1 85
1 173
1 69
1 6
1 22
1 154
1 187
1 130
1 167
1 55
1 168
1 24
1 54
1 55
1 172
1 90
1 149
1 28
1 121
1 68
1 152
1 74
1 49
1 17
1 26
1 73
1 137
1 67
1 67
1 100
1 63
1 119
1 133
1 178
1 146
1 73
1 63
1 16
1 95
1 136
1 22
1 63
1 94
1 9
1 51
1 78
1 93
1 145
1 122
1 137
1 97
1 111
1 58
1 130
1 133
1 34
1 2
1 47
1 24
1 135
1 96
1 162
1 43
1 130
1 136
1 45
1 32
1 32
1 64
1 181
1 144
1 145
1 173
1 43
1 42
1 157
1 50
1 88
1 162
1 182
1 48
1 77
1 193
1 183
1 122
1 5
1 105
1 42
1 40
1 140
1 57
1 155
1 63
1 30
1 164
1 110
1 33
1 50
1 138
1 64
1 126
1 137
1 82
1 31
1 110
1 8
1 49
1 146
1 186
1 140
1 77
1 32
1 106
1 90
1 124
1 98
1 141
1 169
1 146
1 33
1 85
1 34
1 53
1 41
1 69
1 151
1 13
1 112
1 60
1 4
1 143
1 160
1 69
1 118
1 31
1 40
1 128
1 184
1 16
1 87
1 93
1 62
1 171
1 120
1 38
1 71
1 156
1 44
1 96
1 119
1 165
1 194
1 194
1 39
1 74
1 160
1 2
1 97
1 136
1 153
1 190
1 22
1 18
1 84
1 71
1 70
1 54
1 12
1 150
1 58
1 141
1 91
1 185
1 61
1 74
1 23
1 91
1 110
1 88
1 175
1 104
1 173
1 73
1 136
1 77
1 152
1 166
151