100 7600
60 55 345
13 3 109
26 13 270
82 4 300
54 12 318
4 80 934
34 72 812
92 6 64
53 44 191
8 35 468
5 93 264
68 94 840
70 47 457
99 88 2
74 91 436
40 10 396
74 23 686
94 48 734
90 78 87
74 8 279
22 14 416
78 42 612
20 67 441
53 93 275
50 67 473
100 51 200
80 78 399
76 87 832
22 54 432
31 61 354
18 48 225
11 64 346
72 65 290
32 31 29
8 26 696
51 30 501
59 97 543
51 75 861
3 42 194
56 70 6
31 33 641
88 68 663
2 58 1012
27 28 257
5 71 689
51 20 1009
63 37 582
17 43 211
47 32 5
86 43 645
42 72 411
61 18 283
70 85 296
4 44 934
26 45 409
4 75 806
17 53 830
55 10 862
40 95 488
44 1 999
8 13 543
91 15 524
28 60 126
1 56 649
34 60 852
51 19 236
36 3 610
88 81 64
37 7 492
46 79 929
16 16 804
29 31 449
18 74 475
76 41 429
70 79 56
11 4 453
17 4 24
55 92 764
50 7 167
81 12 979
22 30 24
8 47 863
29 21 841
94 34 549
68 56 966
89 33 868
88 69 56
50 57 493
31 59 229
72 23 118
18 95 224
88 24 860
95 80 238
28 6 516
52 47 883
24 62 458
34 31 567
46 53 78
83 25 922
48 93 582
67 11 5
3 10 372
30 17 78
48 33 220
73 64 843
93 76 410
9 32 19
69 7 152
1 81 178
20 68 703
27 66 755
29 56 1016
77 13 752
44 83 43
59 11 1001
38 89 951
75 34 370
79 65 369
34 38 32
4 82 244
51 63 546
47 52 604
45 82 849
19 23 443
4 42 109
28 6 234
7 60 340
32 80 181
26 49 141
31 43 425
36 51 301
70 83 543
38 75 707
5 77 459
49 15 654
52 73 169
12 22 772
87 72 302
20 7 113
82 58 926
18 36 212
39 11 789
55 71 461
38 29 540
80 39 538
78 38 2
92 5 474
99 61 383
1 28 133
90 13 542
22 85 640
31 95 329
48 49 964
32 52 360
12 18 521
66 65 987
99 45 175
95 75 1013
9 17 314
20 31 790
77 58 717
36 35 735
9 84 478
91 28 494
14 31 832
61 68 426
82 11 211
32 46 209
1 15 738
79 6 176
20 12 938
9 93 571
46 55 981
26 91 680
100 66 740
95 9 945
40 34 811
29 43 397
76 26 396
64 87 175
81 90 829
1 100 294
88 81 469
50 47 836
38 38 878
82 12 611
88 33 326
57 45 386
74 31 906
77 6 528
30 65 973
44 60 762
88 87 355
34 90 662
86 99 516
50 89 93
99 13 164
40 45 313
8 46 491
35 89 301
69 57 367
44 21 97
20 21 1013
5 88 945
6 70 334
48 9 184
27 12 939
23 70 385
16 92 102
29 62 2
81 23 905
50 16 600
18 39 572
73 25 33
70 64 301
70 25 756
21 53 777
4 12 104
25 93 886
6 46 680
53 59 996
34 61 502
22 35 24
88 38 522
82 35 1006
36 25 607
47 92 762
23 22 357
31 37 562
65 35 71
66 95 487
1 81 380
24 46 265
85 14 265
19 8 762
41 27 1020
35 54 63
28 70 916
70 99 277
48 42 462
33 49 127
74 13 223
4 34 762
54 20 999
37 16 426
26 80 402
11 49 988
53 24 370
88 10 512
74 4 215
90 81 719
49 4 158
44 29 630
5 55 639
100 18 388
46 40 147
40 59 224
55 68 821
49 31 921
58 10 724
84 17 663
19 1 516
35 16 980
35 55 471
64 72 140
9 64 929
55 51 427
58 3 420
86 36 907
27 5 859
49 27 47
26 78 718
66 39 645
12 32 967
33 48 506
26 89 893
16 33 450
80 64 62
12 12 40
32 26 764
69 95 938
96 53 623
92 4 625
68 21 737
43 30 624
37 79 856
17 89 87
74 28 563
41 82 271
76 29 987
93 38 794
72 64 742
46 4 954
72 71 358
98 36 318
38 15 28
16 100 86
36 57 189
27 91 100
42 72 402
100 16 27
45 30 201
95 34 202
21 69 889
15 61 432
9 49 817
97 14 492
79 88 872
25 92 445
12 74 833
70 25 859
59 43 158
100 69 691
28 72 859
69 97 788
17 61 497
81 10 646
52 81 943
36 8 557
97 76 639
80 49 347
54 52 34
43 78 314
61 70 832
30 24 923
1 84 614
5 3 130
9 77 778
84 28 444
73 25 878
85 2 488
87 67 263
52 29 674
33 42 860
26 25 266
33 45 926
13 65 512
8 51 80
7 55 574
33 3 632
7 81 601
46 27 461
28 100 279
6 68 651
96 76 322
67 98 910
52 91 883
28 54 306
14 35 20
37 2 892
64 17 770
37 72 459
1 1 558
80 34 112
9 67 6
89 35 802
23 98 378
19 87 157
55 1 919
94 37 805
91 46 85
38 27 318
93 2 479
83 53 673
63 95 147
52 61 240
36 87 568
22 12 326
77 21 242
42 8 999
46 85 11
88 34 1013
3 86 953
75 90 525
97 47 174
18 63 481
29 31 107
11 43 234
18 81 795
99 70 591
94 46 8
48 56 349
61 14 18
100 61 34
27 40 189
27 29 148
42 70 536
40 6 390
16 4 334
90 56 159
21 66 100
71 76 759
96 97 60
7 50 711
81 95 784
65 55 675
33 47 586
4 27 717
45 3 809
8 64 531
45 46 628
26 46 808
49 63 936
44 55 651
23 21 65
60 2 847
79 70 263
15 50 467
90 56 645
42 38 683
99 66 875
21 92 773
1 21 145
49 45 327
81 13 615
41 27 862
94 83 557
94 21 139
78 55 989
95 32 180
57 16 120
94 39 715
61 44 332
48 71 242
71 25 462
17 12 818
70 53 992
91 87 606
62 56 839
43 86 986
33 81 964
17 27 945
67 66 982
52 24 440
78 76 962
9 9 44
98 81 284
9 3 28
56 98 773
40 8 527
100 9 157
93 36 103
72 62 223
89 55 130
93 6 993
45 64 540
14 74 158
84 23 196
67 38 986
80 76 338
77 48 998
38 54 805
1 8 218
74 90 415
46 1 944
84 56 281
89 70 514
9 12 986
64 16 758
19 28 162
59 58 33
27 3 500
89 16 504
96 14 982
29 89 797
20 55 193
16 69 62
71 24 640
50 100 924
88 53 322
46 10 956
86 27 288
72 86 394
53 69 588
54 26 502
83 95 235
97 84 471
32 83 540
14 48 13
79 96 471
40 44 1023
3 71 1018
95 45 792
87 30 216
51 5 306
18 86 675
13 31 1
10 94 582
88 54 27
73 22 657
35 19 314
55 80 839
48 59 765
2 44 61
7 22 408
79 82 898
37 30 908
29 97 568
51 67 790
70 17 936
18 66 587
11 84 554
18 41 398
67 98 58
61 62 880
41 87 432
27 35 838
4 86 1004
84 91 284
65 55 313
59 70 491
65 76 892
93 65 875
73 9 502
65 63 556
90 47 225
9 15 141
100 1 416
51 63 303
57 17 856
25 43 969
23 86 606
4 46 727
97 66 883
16 28 241
86 96 208
2 51 856
13 17 835
59 3 696
13 77 215
80 4 702
49 45 77
9 56 188
24 63 907
1 5 376
52 22 653
5 54 152
29 50 584
2 1 14
81 64 385
86 8 221
22 32 598
21 46 712
71 87 47
83 22 945
23 73 1006
14 49 417
32 66 605
74 52 973
28 95 898
90 57 334
84 79 661
57 41 383
34 90 192
40 32 282
99 39 519
60 21 516
35 99 260
95 14 653
78 63 935
65 100 947
89 24 838
74 92 655
97 26 644
24 25 654
11 51 212
94 89 976
2 89 53
20 36 643
20 11 47
40 80 171
95 23 40
56 84 983
97 13 671
85 17 891
92 54 369
76 42 184
52 33 184
81 31 766
99 88 936
86 70 979
98 4 128
60 29 983
53 39 382
27 40 763
82 18 79
54 10 778
14 99 598
86 73 897
19 49 879
46 92 358
80 5 134
53 32 315
38 84 342
57 3 340
8 42 635
80 49 593
80 42 865
60 3 791
56 43 1007
12 98 144
24 100 829
42 1 894
82 5 254
2 57 465
97 28 533
62 18 200
38 78 832
7 30 394
4 52 958
6 6 26
99 7 312
85 47 984
80 15 262
13 34 116
60 39 307
100 57 352
46 71 154
16 26 830
85 53 41
6 66 426
19 14 652
99 31 861
51 86 183
73 57 363
11 12 480
96 100 312
60 80 852
62 97 798
26 97 918
77 91 124
81 52 696
66 81 617
66 61 535
97 100 726
33 74 555
45 75 54
78 5 619
89 4 157
46 3 280
15 85 1007
98 3 358
8 49 333
12 42 688
99 38 581
37 86 622
40 16 917
3 32 529
98 62 116
51 42 322
78 77 391
82 58 22
29 31 439
18 38 21
35 43 364
80 81 744
91 49 15
21 60 202
34 59 254
53 41 505
67 64 30
99 37 77
29 88 404
75 54 840
68 91 670
54 15 475
34 80 113
39 57 988
97 15 134
43 86 113
45 73 76
57 59 810
99 2 507
67 77 58
37 92 300
14 45 763
81 9 829
60 78 748
27 89 882
93 43 822
97 21 968
77 73 930
3 31 592
8 27 102
16 74 268
10 66 74
15 50 805
83 40 616
52 46 313
44 46 735
99 16 734
97 19 130
28 86 525
36 80 820
5 67 96
5 58 781
83 35 43
62 36 1004
96 55 661
45 47 84
13 26 801
97 71 247
40 7 860
94 100 764
80 62 565
84 5 285
19 27 830
74 83 873
80 69 819
99 98 1018
42 10 536
6 75 867
31 4 957
95 98 204
48 71 182
1 8 701
52 13 547
94 35 875
25 33 561
95 93 314
72 7 624
64 72 423
25 81 100
79 7 365
27 47 343
89 86 476
82 54 247
9 43 189
55 9 68
24 61 980
92 11 641
82 78 76
23 68 976
36 45 396
98 20 749
4 29 908
100 21 658
57 43 140
60 80 336
9 59 246
78 86 416
73 46 191
54 53 504
26 39 357
58 53 344
72 34 679
53 11 783
72 11 804
90 64 212
9 89 820
29 89 734
92 18 810
42 76 795
69 11 943
85 45 283
24 14 37
24 69 770
1 8 817
47 34 365
73 74 524
57 82 825
71 26 493
77 9 616
100 62 468
39 39 965
8 54 792
83 32 583
33 93 871
81 97 303
96 83 741
95 78 613
37 59 1006
85 91 206
57 35 129
4 45 123
52 86 85
10 57 555
76 39 4
56 18 891
15 57 500
50 38 324
10 27 721
56 9 979
98 13 99
22 17 438
51 56 869
45 84 49
4 14 859
44 81 121
78 80 920
25 2 492
54 27 525
24 24 201
25 58 259
71 27 406
28 87 967
64 78 912
24 24 592
24 28 132
97 79 829
18 49 821
59 73 527
17 78 994
5 49 758
74 24 223
47 99 700
80 55 896
16 33 888
64 61 266
96 60 75
68 37 622
6 15 458
58 19 591
11 85 65
18 94 607
49 99 61
31 75 179
31 22 292
22 14 665
91 47 89
59 5 368
38 74 766
39 52 355
6 61 460
11 46 1012
75 32 266
79 38 164
40 71 840
32 96 143
66 77 387
30 38 597
78 79 336
29 70 688
46 88 685
55 49 926
100 33 475
93 36 946
44 65 989
44 18 512
46 12 25
65 99 360
7 10 840
39 45 117
58 6 345
12 25 167
77 80 1016
32 79 784
52 77 920
16 6 506
95 7 777
76 1 98
45 79 423
62 14 424
42 36 997
88 22 455
57 42 65
41 6 728
26 58 530
85 21 97
67 3 553
22 65 693
81 74 781
31 44 373
32 38 760
13 2 410
40 6 67
5 72 355
14 72 875
17 67 1
42 79 786
61 61 290
16 1 37
67 50 219
64 44 19
32 7 52
2 27 585
99 74 403
18 96 427
34 11 504
97 15 963
7 64 404
53 93 613
45 83 1011
92 70 237
25 38 972
56 65 380
77 83 862
3 66 47
61 35 904
66 31 456
19 94 63
86 38 171
78 9 284
46 53 936
3 94 336
48 95 241
8 96 835
64 62 485
100 52 448
51 83 65
20 69 784
57 60 805
8 75 349
52 89 150
77 97 624
98 37 453
30 100 646
75 83 790
7 13 569
100 33 517
60 48 537
76 5 206
82 32 571
100 21 759
34 89 938
83 9 761
57 32 748
98 18 203
59 92 784
68 20 421
15 7 748
85 32 458
60 18 641
39 5 99
20 14 136
5 58 91
7 22 648
29 6 635
19 72 90
13 14 419
15 34 253
41 1 887
88 90 379
64 18 221
47 8 730
18 95 562
60 15 11
15 16 581
74 100 322
63 62 91
14 12 603
48 25 444
78 99 142
48 89 210
47 8 297
86 56 953
59 44 653
23 15 523
80 13 1014
68 36 982
37 55 275
92 74 118
91 96 656
80 69 174
92 59 1002
12 92 808
46 58 165
88 97 253
20 82 524
23 87 776
9 90 1
19 39 891
27 62 632
35 81 159
71 19 499
15 3 217
69 96 802
60 7 535
20 53 496
82 62 919
46 5 320
98 23 510
12 48 93
86 65 1015
64 79 950
48 73 541
98 47 549
4 78 110
4 97 365
18 42 472
8 38 907
70 72 992
91 51 118
4 91 898
81 26 594
67 7 887
79 32 324
59 38 281
84 18 199
19 20 772
30 1 464
100 44 213
40 93 320
68 91 708
6 66 722
83 6 176
47 77 147
97 87 811
69 63 157
17 48 936
59 6 203
87 27 995
29 1 129
61 21 498
30 31 109
33 46 216
78 76 848
26 4 856
54 10 683
33 92 778
62 33 32
15 82 162
65 32 368
93 73 370
7 14 309
73 15 355
40 61 63
71 39 182
51 31 633
74 98 738
38 78 854
7 85 726
78 32 181
32 5 982
54 50 394
64 29 516
60 24 459
33 16 644
54 49 29
19 85 516
76 11 419
10 19 628
37 33 201
76 53 960
21 18 33
62 47 501
44 84 1013
7 72 859
10 9 130
92 58 845
26 9 360
15 43 434
89 89 698
67 85 529
98 66 846
25 18 495
4 34 533
63 4 268
72 20 860
62 68 638
45 65 504
85 35 1016
78 17 391
96 67 234
54 47 698
31 22 40
8 69 574
42 46 890
25 93 291
44 73 589
33 82 450
80 61 14
54 79 758
39 91 786
72 84 531
31 75 738
97 70 128
65 16 158
60 21 298
66 32 201
50 25 527
8 95 872
43 84 300
62 78 61
70 83 25
56 23 364
62 58 431
42 42 1022
84 85 539
12 100 411
11 12 136
70 56 342
91 93 673
47 25 147
93 7 146
38 79 76
6 8 624
19 26 883
94 86 685
71 77 430
78 62 772
14 92 951
62 62 821
22 24 485
57 68 258
49 37 364
76 84 976
96 72 820
97 16 442
53 55 312
90 29 996
47 19 149
42 35 340
61 62 421
2 91 146
43 26 29
34 12 330
2 51 528
67 31 322
44 49 672
76 90 564
49 20 100
87 37 622
57 6 177
95 15 379
35 31 195
54 35 1009
83 76 397
8 57 716
41 48 87
59 8 613
59 81 825
4 5 776
65 89 871
17 76 382
3 29 670
18 48 853
79 7 932
55 12 426
79 64 628
70 12 151
87 41 298
14 45 589
1 92 324
61 33 331
91 49 230
76 81 704
11 26 366
12 52 177
82 8 701
51 50 585
78 88 59
31 97 880
30 96 16
58 37 224
37 71 353
3 77 733
65 80 423
52 95 846
26 90 701
78 14 36
66 28 541
56 54 689
51 61 94
60 27 979
32 41 626
3 42 542
93 66 389
11 82 156
3 3 851
72 47 843
80 19 334
96 5 222
60 68 201
37 61 772
96 19 523
40 90 6
58 80 530
18 69 604
82 63 570
41 8 259
37 80 279
12 11 265
1 11 527
98 51 311
9 58 44
89 74 230
46 67 44
62 68 565
38 51 26
76 49 746
33 66 135
52 52 176
21 19 442
5 52 987
79 7 192
84 58 200
19 18 948
10 5 374
18 79 50
23 45 198
23 13 93
44 4 1020
34 26 872
94 11 524
93 36 787
42 89 756
58 53 662
67 53 290
48 19 377
22 64 79
96 68 744
64 9 320
75 1 117
23 26 403
59 6 851
48 41 98
33 51 660
83 80 127
87 53 775
41 33 566
54 45 249
36 23 585
58 74 203
42 15 784
37 53 198
94 37 485
26 6 433
9 15 370
58 34 163
92 18 958
33 25 469
44 47 655
100 72 645
82 43 784
82 37 508
65 89 895
6 34 346
3 79 687
12 97 443
35 12 809
47 97 175
57 29 581
56 35 740
72 56 63
88 21 250
60 61 198
66 8 70
26 65 376
95 31 464
88 57 177
39 15 882
50 73 855
33 41 634
72 85 482
29 8 992
50 55 650
2 77 618
35 1 225
15 100 135
45 90 777
32 17 337
48 93 240
45 62 915
27 87 77
7 73 840
58 83 41
79 76 479
29 98 302
6 48 952
90 39 984
46 89 456
35 93 1008
18 88 604
65 15 969
28 9 988
72 38 284
23 63 531
86 76 116
1 57 165
39 27 478
98 44 139
71 27 343
42 94 975
84 17 35
55 88 175
29 76 361
35 64 368
100 51 987
43 49 931
91 35 97
87 61 263
37 72 969
30 64 230
62 11 920
100 66 818
14 2 24
4 35 32
36 4 223
70 34 109
35 98 140
42 39 587
45 92 779
86 31 621
65 7 26
79 84 202
15 94 486
92 53 589
44 84 593
27 63 902
32 73 1010
77 5 687
82 73 561
7 39 993
17 1 922
18 48 117
2 45 10
51 12 320
60 56 956
33 64 353
87 60 22
31 20 323
26 25 828
70 23 529
61 46 765
67 45 12
52 66 983
75 12 327
47 76 721
60 79 554
30 26 307
93 73 952
10 35 98
38 41 429
66 5 871
53 66 647
13 85 529
21 90 21
82 27 762
40 11 6
86 12 41
17 63 91
5 20 919
2 7 488
23 16 187
25 57 382
17 7 807
89 45 327
31 82 858
36 15 642
27 44 169
16 13 472
57 65 827
50 58 976
95 47 577
25 90 704
75 88 569
40 66 248
21 53 849
75 95 397
4 90 61
2 10 775
73 60 867
6 57 407
60 13 119
4 74 274
99 43 416
26 28 319
34 93 230
25 63 509
55 87 1005
28 63 786
38 42 861
46 35 657
27 53 173
87 1 14
61 96 674
18 32 491
43 73 646
97 73 238
67 81 130
26 79 398
75 27 405
68 82 981
70 5 335
21 28 635
97 39 924
51 71 846
66 45 899
24 79 82
7 80 378
96 37 543
19 44 121
88 57 166
22 61 926
1 16 143
88 1 848
72 33 961
100 29 789
39 27 832
17 30 409
99 33 617
33 55 526
5 11 481
27 84 447
83 38 777
60 7 187
47 56 43
71 65 170
20 5 523
34 49 90
40 89 570
18 26 566
100 69 187
78 22 461
39 86 969
92 38 976
22 95 893
48 95 332
99 57 682
43 21 93
95 42 493
8 17 810
78 89 952
19 18 698
82 38 752
23 26 654
78 72 340
26 90 655
29 56 828
77 83 398
56 18 860
87 46 613
3 30 471
2 42 319
49 17 581
51 30 660
85 33 565
99 16 32
4 28 906
73 49 965
11 8 288
68 12 236
100 96 540
52 63 180
17 7 419
71 7 32
87 96 205
1 36 398
58 30 569
99 21 761
62 30 798
100 60 726
22 45 986
96 38 96
94 84 775
34 17 1001
14 1 556
51 13 787
36 92 470
81 16 172
83 66 179
30 35 982
89 90 83
36 9 580
69 55 437
50 96 547
30 98 379
18 2 906
82 99 609
75 48 874
42 37 513
42 67 625
13 52 130
53 57 180
77 59 911
48 15 656
29 39 631
98 87 937
67 97 373
40 81 317
44 5 471
58 86 351
66 84 361
23 74 740
14 81 458
15 14 361
48 51 415
59 30 972
65 20 1008
80 28 232
9 18 197
81 28 60
32 1 696
41 58 786
24 38 619
15 18 874
20 27 22
4 79 1008
57 88 802
71 90 620
70 89 10
87 87 691
14 1 63
97 41 284
45 38 233
6 32 359
1 1 116
15 88 650
86 64 180
97 100 8
78 96 1009
68 74 448
84 35 631
53 45 307
74 21 444
31 29 396
29 47 436
46 5 322
62 1 207
83 68 221
96 68 340
67 92 874
46 14 340
39 17 292
42 52 91
24 7 609
99 74 752
49 88 367
72 35 884
58 35 507
80 84 573
92 18 511
85 64 446
77 56 13
33 49 502
92 66 435
76 56 671
86 51 386
7 36 136
11 79 143
28 37 968
17 19 905
6 96 517
25 51 196
79 38 10
67 44 759
98 87 188
15 60 298
18 5 591
15 48 400
93 61 589
11 67 846
60 30 760
58 72 290
50 71 623
71 11 953
58 2 232
71 2 837
39 66 614
81 92 116
20 21 195
15 8 50
13 1 776
30 75 112
19 43 967
25 31 364
37 38 699
5 97 686
13 41 190
47 63 383
71 72 837
62 24 162
29 10 404
17 91 445
40 1 919
77 11 952
60 54 1023
38 81 434
71 17 406
38 65 418
5 52 686
90 54 109
31 9 302
32 24 715
63 61 109
75 32 679
30 99 886
59 57 458
31 63 371
62 11 369
45 82 800
54 43 115
19 26 109
82 81 196
2 98 218
79 12 692
54 41 65
80 44 790
34 44 1014
92 82 548
50 59 167
87 8 173
68 13 764
69 45 111
17 76 528
76 78 726
88 28 547
71 65 345
75 12 39
72 77 369
92 51 650
33 52 939
51 89 498
77 42 107
96 78 693
93 6 565
9 48 836
85 10 575
48 27 76
27 72 393
50 24 899
69 51 195
99 97 60
35 40 239
5 62 162
40 70 284
28 56 544
58 47 846
60 50 176
21 80 72
4 19 313
55 5 440
14 77 477
83 64 724
5 88 821
3 82 504
34 58 732
29 56 686
3 81 563
68 75 315
82 85 766
60 26 952
53 7 425
64 61 123
68 67 270
25 76 403
100 40 163
48 95 825
61 96 858
80 24 950
84 57 512
3 12 700
82 77 117
76 32 393
36 84 831
60 99 270
24 34 41
29 77 927
89 88 906
81 79 151
99 81 265
95 66 680
32 47 155
71 79 73
96 49 221
8 68 668
68 3 532
83 43 8
83 10 866
17 31 34
85 54 231
37 69 594
3 24 752
66 55 999
98 37 323
73 59 962
52 58 440
2 100 381
80 97 337
5 98 264
100 52 1
81 56 848
74 69 767
33 38 273
47 85 600
1 9 534
60 61 110
12 24 204
31 81 231
12 43 335
42 23 481
87 32 754
41 6 440
61 37 114
21 30 724
32 90 896
10 8 26
63 41 9
40 41 948
95 39 472
15 34 453
22 55 943
7 38 549
82 28 847
21 32 999
68 77 277
67 87 658
71 57 432
70 3 942
87 56 723
89 29 286
7 89 151
29 56 10
83 68 933
16 96 997
29 10 499
94 52 992
66 99 435
99 35 303
58 4 650
74 77 261
74 61 310
70 42 275
18 12 436
84 30 217
94 90 652
64 80 197
16 70 333
67 41 340
25 27 79
75 73 918
20 14 393
84 15 430
93 89 517
20 73 864
33 37 775
4 13 281
31 65 568
41 59 864
99 87 804
6 92 182
46 65 289
62 89 75
19 92 429
62 20 958
42 97 905
52 96 690
28 42 294
10 44 607
70 23 532
77 54 648
64 23 881
37 94 1013
92 17 927
90 48 781
36 27 161
40 43 713
52 2 581
8 98 254
79 91 168
40 6 418
68 29 869
26 17 710
72 55 59
57 40 428
62 46 412
77 25 311
72 48 218
7 20 17
81 65 530
7 18 373
48 2 837
31 86 230
50 66 786
94 78 747
84 76 447
70 41 555
79 29 871
17 1 967
82 19 806
9 63 952
60 5 926
75 51 723
52 26 60
65 47 901
70 39 361
54 20 38
98 44 627
46 56 401
81 59 504
26 68 804
18 46 306
8 69 689
35 67 55
8 89 977
20 68 152
2 57 257
77 62 313
17 27 857
18 6 39
4 60 679
88 46 139
93 8 54
80 3 25
41 7 74
59 44 491
42 23 265
80 34 8
31 5 572
89 22 646
67 75 581
77 28 567
58 4 756
70 38 465
17 38 916
54 21 190
70 91 416
3 64 51
99 14 280
97 17 927
94 35 217
7 87 221
41 60 406
38 80 193
99 67 187
57 75 887
92 46 264
16 61 653
60 26 515
40 81 380
6 35 197
41 96 933
91 52 38
48 58 170
52 24 698
11 3 856
96 13 777
26 7 216
65 80 567
48 57 693
49 19 500
73 37 104
98 75 938
5 90 317
98 1 893
52 47 928
52 25 942
38 10 548
44 52 982
69 84 1017
49 59 911
63 36 265
37 26 481
88 6 950
71 92 554
5 99 887
13 83 656
66 80 235
42 7 341
66 24 229
46 77 43
46 8 927
20 57 1022
5 95 601
43 90 928
29 79 295
47 10 83
50 53 676
95 20 709
29 52 813
75 90 997
56 87 329
6 54 366
56 47 124
45 91 539
11 76 498
63 45 782
63 64 556
11 8 462
36 60 928
73 50 789
65 28 671
70 84 532
85 34 963
28 90 16
77 53 722
51 69 878
7 21 685
4 93 857
87 45 420
45 12 338
50 79 328
55 48 648
45 82 177
21 100 940
86 37 928
56 68 740
13 58 858
87 43 829
81 94 750
35 48 448
37 26 680
69 36 167
30 13 238
11 39 429
7 62 69
49 89 19
53 25 55
26 64 286
5 61 463
100 15 759
84 78 862
66 96 786
75 63 600
9 28 957
5 23 921
84 85 204
38 63 782
23 73 367
41 55 242
36 72 227
80 44 230
6 94 273
98 70 142
32 72 942
67 21 847
54 97 892
61 71 867
16 9 432
73 26 280
65 10 12
41 35 957
27 71 97
48 99 679
27 48 903
84 55 184
21 41 945
62 35 15
89 45 828
98 84 70
87 87 997
29 34 782
60 82 438
65 37 39
18 85 445
63 88 766
6 81 218
18 73 782
68 28 423
15 63 630
81 91 381
53 36 817
13 90 248
75 47 764
28 74 670
42 68 702
27 77 84
89 52 679
6 93 101
93 35 596
72 47 79
48 83 863
70 66 95
8 58 958
5 48 552
30 70 923
94 23 696
31 75 186
71 42 244
21 90 578
100 36 699
53 27 217
68 21 901
51 42 137
15 28 456
83 46 744
12 36 943
87 2 361
27 100 606
88 79 571
99 74 1013
27 21 92
64 6 155
88 82 931
7 40 389
62 76 214
14 75 850
32 49 400
39 46 265
59 18 1019
47 61 314
12 55 502
9 94 105
30 100 831
58 82 298
81 32 511
68 98 992
48 60 6
98 24 496
61 74 167
55 80 534
12 6 589
54 4 910
61 13 877
5 30 411
17 31 607
97 85 743
3 59 325
49 93 860
23 33 341
50 10 775
94 24 1007
49 42 193
44 14 127
69 62 979
40 54 182
13 16 844
13 28 353
43 47 873
9 91 902
57 8 120
100 89 836
2 79 126
19 53 757
60 33 206
17 33 115
19 35 371
44 82 505
19 70 158
44 44 883
44 34 928
29 1 501
2 55 743
76 2 865
59 60 663
57 88 235
34 66 34
99 61 231
63 54 530
77 33 561
24 67 613
71 34 325
5 16 863
65 18 131
83 95 80
88 6 807
19 75 384
39 46 438
84 37 693
71 37 746
90 89 91
29 77 573
50 97 146
96 95 422
39 31 977
31 68 587
54 10 619
82 29 260
76 4 19
61 99 371
74 74 84
8 73 818
5 8 984
2 66 479
13 4 302
10 79 214
7 76 993
39 82 681
35 3 322
28 8 79
20 58 47
10 86 65
71 72 35
30 93 209
42 28 381
98 31 289
87 7 411
34 21 345
45 11 196
84 22 958
52 35 247
49 46 594
56 6 529
91 68 706
50 94 631
64 72 878
66 58 418
8 11 122
31 71 766
2 3 956
48 91 597
74 9 938
30 54 622
91 90 497
95 91 70
43 98 445
30 20 84
79 93 119
30 32 122
28 46 645
45 79 919
76 21 92
50 78 420
51 98 886
73 47 272
38 88 1003
95 51 339
9 37 976
36 37 873
22 34 882
96 78 883
36 60 544
82 45 71
5 99 276
13 36 998
73 39 972
97 57 239
74 38 85
61 68 39
5 73 153
83 4 197
37 9 179
31 5 631
59 92 670
36 20 1010
5 62 966
84 100 165
40 64 596
32 57 691
66 58 288
84 61 234
54 76 124
12 34 588
42 97 211
38 9 173
19 25 705
97 81 639
3 25 868
91 91 262
94 54 886
41 45 87
43 34 884
80 51 832
35 70 517
88 30 242
38 55 355
51 73 215
83 53 706
12 45 1018
62 64 50
16 87 399
11 87 114
100 62 566
48 68 645
33 21 873
15 15 799
34 87 424
8 75 627
9 1 49
54 69 40
83 61 743
5 43 598
52 30 271
75 66 851
39 20 413
55 8 600
50 50 240
46 94 97
17 81 680
2 5 371
43 54 564
23 30 182
96 61 280
81 3 333
38 18 791
14 68 203
39 83 987
39 58 509
34 47 369
46 47 732
48 54 532
2 2 574
80 100 620
21 69 905
42 99 810
94 47 299
79 43 850
3 97 744
63 32 291
86 55 274
43 15 22
47 22 664
43 14 900
4 46 294
38 35 264
90 7 386
88 43 125
87 52 805
42 89 679
91 92 628
88 7 542
69 63 677
87 86 452
78 4 976
24 49 475
75 23 252
97 23 63
25 11 855
47 43 232
59 47 59
78 77 41
7 43 456
8 60 494
32 95 218
63 17 370
78 84 584
40 17 846
94 98 175
4 26 219
15 87 215
46 37 362
71 25 29
48 34 271
73 36 859
34 51 57
4 51 759
81 23 11
83 94 972
14 16 530
84 99 29
54 70 917
12 89 407
39 28 944
12 68 54
87 36 740
56 67 981
11 72 749
80 25 211
90 45 389
46 57 79
57 41 322
78 80 752
23 6 547
55 50 140
35 87 243
47 70 291
73 53 977
83 63 334
59 40 930
94 40 420
9 62 414
3 21 355
1 26 682
100 3 993
92 73 401
32 71 377
44 24 16
35 45 620
98 90 142
31 33 162
95 78 239
56 21 951
56 64 623
22 48 262
96 70 146
72 69 818
91 71 79
75 73 888
19 56 386
44 22 888
9 22 944
26 74 23
54 21 91
59 84 123
80 15 735
87 86 893
33 26 635
56 6 521
52 26 404
47 49 775
7 45 254
72 53 935
8 80 943
17 25 321
35 94 45
78 32 857
18 74 887
87 16 884
33 63 94
96 19 678
57 88 482
31 95 361
36 13 612
93 96 835
68 92 536
93 43 498
76 56 194
22 16 319
10 31 89
35 94 323
32 31 62
35 29 911
45 10 713
89 66 729
49 29 494
2 38 748
76 36 969
61 3 73
43 66 920
86 79 683
85 82 117
68 17 68
28 92 738
85 47 540
66 60 121
46 32 764
47 2 984
74 65 667
96 64 43
66 60 918
33 18 985
61 52 357
17 60 281
99 83 656
21 14 520
5 29 1019
43 75 506
98 68 886
15 31 969
14 23 698
88 29 103
45 2 617
25 55 960
82 76 235
11 88 936
43 46 134
55 77 160
22 78 401
66 43 47
82 74 292
5 87 244
38 45 587
28 12 380
32 74 1020
33 16 968
85 92 808
14 76 731
34 90 86
32 94 440
31 3 28
91 66 111
99 16 683
54 61 771
84 27 66
80 97 556
36 19 574
13 44 805
93 97 495
65 42 111
30 57 204
76 15 93
2 95 410
61 42 98
93 17 81
76 64 839
75 76 159
46 40 406
11 34 840
16 10 727
44 29 141
9 30 178
56 86 745
78 12 328
45 96 18
86 98 453
76 99 342
38 61 271
8 60 139
12 68 523
98 18 469
11 62 822
88 87 786
92 52 279
18 61 443
44 44 483
7 24 209
86 41 709
54 59 973
73 27 515
85 21 104
35 82 531
68 30 214
56 1 552
83 9 719
97 32 157
37 13 743
74 36 620
94 86 209
79 61 355
43 30 405
34 33 553
89 24 625
13 8 470
74 88 216
6 83 56
86 49 515
78 94 684
58 96 889
97 3 606
23 22 46
77 30 709
57 51 419
53 75 849
82 39 285
77 17 192
100 30 413
14 18 440
30 54 339
2 15 778
1 81 639
67 86 672
59 94 28
60 85 883
14 55 833
39 2 812
18 14 87
4 17 599
13 43 522
40 72 279
43 7 225
44 34 1019
55 42 367
40 18 241
64 57 750
3 72 506
63 80 1001
80 27 273
7 78 624
56 75 389
75 37 8
29 61 726
42 45 578
44 94 324
94 91 955
100 49 365
99 44 627
30 36 461
3 40 315
66 74 1011
80 72 259
63 90 829
82 53 118
7 12 519
36 48 472
71 80 145
7 1 147
90 50 896
53 13 635
87 84 344
18 56 922
18 14 341
82 21 882
30 7 113
21 45 72
91 1 900
38 9 274
38 81 9
17 80 944
1 51 409
79 23 918
36 65 138
83 57 18
86 26 484
35 50 362
87 76 8
66 94 86
49 9 539
4 90 631
63 62 273
11 19 326
10 23 291
37 49 70
34 66 634
83 16 683
78 13 512
35 1 584
75 48 583
29 72 907
44 73 196
95 99 671
43 74 341
100 93 434
10 91 583
66 68 997
93 17 751
6 42 1014
83 14 113
47 3 623
66 24 483
76 41 649
66 32 919
84 73 956
79 87 966
16 50 564
55 10 923
6 8 664
54 94 195
94 60 886
49 81 823
34 97 209
17 91 523
39 61 1000
27 68 418
70 89 607
13 33 109
41 5 972
68 37 553
60 10 219
38 65 851
19 26 198
62 26 136
16 2 643
11 74 578
14 75 774
22 97 379
92 28 373
48 19 750
54 93 478
81 43 801
78 41 635
2 39 800
57 49 291
99 92 680
38 11 655
89 77 735
12 6 313
92 23 1017
32 62 929
89 99 710
23 8 605
36 63 708
16 56 329
79 91 437
54 68 716
90 5 564
1 29 160
96 51 221
92 21 84
14 74 471
87 11 174
62 55 887
86 14 46
1 28 1016
30 95 121
81 3 492
43 38 772
35 41 817
51 21 904
87 67 837
62 75 619
70 21 185
72 14 683
35 16 682
6 7 519
36 52 630
10 19 876
31 90 525
13 92 671
16 90 141
55 9 527
44 40 202
56 88 598
12 71 200
93 87 699
58 78 747
57 9 530
44 13 766
36 63 266
87 17 938
87 89 822
73 51 555
86 88 759
16 31 920
55 43 850
59 91 133
46 29 720
60 98 543
70 82 998
18 31 306
47 31 1023
49 38 42
97 59 177
51 44 576
14 42 123
7 31 117
97 72 601
41 47 604
100 89 891
3 39 317
49 79 465
47 41 679
62 77 291
96 6 104
61 26 947
77 61 139
67 14 115
6 100 52
5 35 274
100 69 523
63 10 459
96 20 390
6 99 464
11 43 200
53 36 246
31 24 475
49 65 383
6 82 206
38 3 917
84 71 118
40 74 840
69 20 524
42 23 298
7 37 224
25 32 784
19 91 831
65 29 213
76 24 98
78 70 696
53 8 921
25 89 150
91 42 884
28 45 276
13 10 452
76 86 10
19 27 886
43 5 127
53 87 980
2 66 744
17 20 449
81 13 970
53 50 487
74 20 315
98 68 601
73 58 1013
75 11 206
19 86 877
6 77 442
90 26 568
91 13 512
76 93 120
97 13 405
83 86 230
37 49 1003
39 69 267
47 30 319
19 26 348
79 76 770
60 73 170
11 99 936
35 13 491
63 47 745
28 71 757
6 76 56
61 60 909
37 7 991
80 83 92
51 68 906
70 43 233
53 66 1011
95 39 131
7 28 74
10 68 218
97 40 975
60 88 244
9 29 240
76 17 106
4 68 249
61 78 686
80 97 872
20 8 179
64 56 261
48 19 683
100 1 204
32 53 349
41 85 328
5 1 735
48 85 589
4 1 190
47 70 959
11 91 894
25 88 561
24 42 739
46 86 458
96 44 380
72 71 927
37 94 67
93 99 835
88 77 99
66 28 348
11 49 546
98 58 439
18 48 634
36 97 470
58 9 186
30 72 493
63 91 452
23 65 505
37 7 90
48 78 604
47 28 851
26 76 183
19 80 828
77 46 963
62 38 125
57 43 106
53 100 424
48 90 260
12 76 361
88 1 145
20 70 241
65 17 790
78 45 114
46 34 27
34 52 586
67 74 930
66 26 512
50 20 241
62 79 545
15 23 254
14 67 774
20 74 506
23 86 373
15 75 662
45 10 191
31 89 52
14 28 36
79 46 509
30 99 172
53 39 863
3 92 368
20 6 522
36 31 180
8 47 375
10 29 329
35 36 938
56 37 834
50 32 730
11 10 929
84 84 484
31 38 447
18 78 954
74 47 447
50 99 573
68 95 643
80 30 609
58 13 271
91 52 22
61 3 536
52 3 748
18 67 263
92 70 816
56 51 264
60 5 621
17 13 825
69 20 775
52 97 349
23 1 26
79 39 533
97 50 250
93 48 364
34 59 493
87 20 77
33 14 942
31 93 9
88 50 742
86 29 861
34 53 104
83 57 463
78 6 620
1 72 134
13 92 467
31 47 376
80 97 553
4 60 264
96 22 485
51 92 264
83 43 1023
71 13 609
99 12 714
72 58 768
95 48 649
90 13 135
11 89 46
65 17 906
96 17 1017
63 27 636
30 70 76
37 53 691
64 96 656
20 33 62
55 56 991
98 73 85
99 81 169
3 34 143
21 81 925
21 9 722
75 16 200
78 49 8
53 66 742
68 94 1015
54 96 135
70 34 811
66 18 457
19 37 472
80 50 402
25 75 928
87 11 18
72 36 952
42 21 1013
70 26 515
69 79 992
78 3 374
68 71 519
87 53 806
4 29 843
77 50 781
30 80 371
2 41 949
5 25 886
91 30 556
23 17 653
76 87 368
15 73 927
44 35 889
68 31 521
70 17 882
53 84 273
49 12 464
89 82 257
49 47 899
92 83 706
76 59 891
13 66 760
84 57 589
65 60 411
58 63 487
72 98 976
92 64 769
99 78 680
21 2 947
100 66 914
1 50 363
92 38 381
53 82 281
13 46 789
55 41 929
97 57 754
70 87 1021
95 53 1014
46 16 73
98 22 767
96 6 125
22 54 261
37 39 238
9 25 1012
100 30 593
18 41 693
14 22 626
19 21 591
10 5 824
26 75 136
48 91 769
72 13 705
93 53 179
27 5 406
28 49 13
63 29 296
64 73 814
60 2 589
75 7 397
73 97 901
5 26 821
13 7 23
32 4 975
18 15 512
73 53 487
93 14 842
13 90 158
43 16 853
13 88 320
58 6 614
10 78 747
75 48 511
48 33 602
33 48 142
31 25 122
34 63 679
41 98 462
10 53 113
78 68 387
4 92 1010
64 84 113
25 2 92
83 41 165
23 36 137
55 1 811
84 30 79
40 23 526
81 23 125
59 70 342
100 51 131
71 88 316
46 81 395
27 92 85
37 38 639
43 80 259
36 18 249
18 100 146
13 85 266
89 19 325
35 38 794
56 50 158
45 89 1000
99 51 51
70 95 294
65 88 942
96 66 85
8 42 514
3 53 972
20 78 37
8 2 128
87 9 1000
84 61 228
5 13 352
6 18 540
86 21 366
19 92 542
100 38 968
33 31 817
83 72 669
44 35 225
73 39 577
73 73 888
50 59 112
68 45 694
31 12 909
11 4 441
47 21 904
29 68 823
53 90 775
98 12 376
5 70 850
68 75 997
5 40 474
87 100 327
38 60 647
56 18 769
91 30 813
91 4 227
17 69 700
69 35 372
82 33 176
13 73 847
39 3 115
53 91 956
27 2 370
65 92 196
7 22 417
44 48 182
76 31 13
30 94 900
31 39 796
64 21 668
19 74 904
98 15 795
37 85 672
8 65 612
88 50 882
61 73 921
79 43 591
47 24 9
6 47 274
93 23 71
5 2 61
30 18 694
76 34 838
58 10 489
39 65 655
59 47 961
65 91 994
60 44 421
2 56 410
26 5 662
18 85 496
27 12 712
95 33 304
88 10 34
42 30 187
30 81 716
1 4 910
13 87 334
94 7 784
70 3 812
22 6 655
77 72 66
90 26 211
27 68 411
49 67 285
51 31 363
91 66 508
40 54 948
65 7 444
87 22 60
71 16 319
70 36 17
16 91 862
44 48 928
37 99 300
33 100 111
20 97 900
19 6 838
43 57 62
12 30 527
27 78 659
19 22 984
99 93 506
14 36 135
38 17 472
16 40 152
18 12 871
53 97 189
77 91 899
20 19 11
36 8 643
16 98 182
66 57 272
57 87 490
16 95 192
8 64 223
84 98 420
23 60 783
72 3 386
68 85 142
76 94 275
29 81 101
12 32 860
14 99 162
70 20 1023
15 89 566
75 56 494
81 18 228
88 32 273
74 22 810
85 65 858
75 45 208
17 53 757
95 8 888
14 46 734
39 39 379
2 99 818
25 76 265
93 90 912
65 68 12
84 92 47
7 85 277
65 15 812
45 10 153
72 15 941
71 69 900
73 86 890
15 11 32
28 72 754
58 87 760
30 50 40
86 97 804
65 14 265
26 80 172
74 94 1011
48 32 484
93 93 55
95 77 315
81 97 834
24 49 744
53 79 109
24 5 805
96 45 128
27 4 604
7 58 204
20 57 69
19 81 430
62 40 859
100 40 47
82 64 741
91 53 913
4 54 969
91 9 1015
74 91 488
24 25 734
41 65 293
48 71 796
86 86 116
58 57 852
53 100 704
23 13 422
38 64 801
53 56 551
84 24 321
9 39 780
39 66 474
44 18 645
14 55 540
74 38 982
96 48 213
35 24 951
98 60 374
15 84 243
39 53 851
62 50 574
46 15 718
64 33 50
66 15 622
7 76 30
11 71 804
90 25 436
84 59 674
77 13 457
40 25 775
69 44 553
30 88 327
50 94 265
40 27 44
30 58 49
61 77 532
39 9 517
24 48 974
28 49 782
12 28 312
76 76 424
81 9 251
79 3 872
65 61 128
78 11 283
83 39 977
84 63 968
94 55 988
10 59 686
80 91 745
77 25 396
72 70 238
27 36 983
60 84 35
81 15 170
21 40 115
70 65 762
79 20 205
71 29 712
35 79 825
14 38 605
41 6 291
80 22 162
78 2 725
9 46 766
78 32 86
100 6 832
39 18 433
4 93 338
29 48 404
27 71 812
90 68 880
81 71 84
50 45 539
60 71 313
67 7 96
75 62 413
29 29 730
75 62 284
71 63 443
39 50 996
17 59 745
91 59 696
21 60 940
53 78 831
50 37 625
30 75 354
1 66 809
38 13 325
96 13 546
87 10 14
94 67 500
28 72 215
91 3 272
82 31 153
54 94 443
40 53 694
76 53 448
100 42 396
9 6 406
51 29 640
76 75 208
5 39 761
97 84 645
79 76 325
99 51 655
26 95 232
17 68 727
7 26 889
25 10 895
64 62 331
37 33 452
21 34 359
51 17 203
81 56 28
31 7 593
43 97 386
95 63 694
7 54 865
5 5 973
68 27 231
38 42 555
35 37 496
98 89 285
63 72 136
72 80 276
36 78 144
8 35 157
22 61 228
70 48 49
91 49 647
7 77 827
60 37 982
51 4 421
2 80 906
49 51 74
64 10 552
88 57 829
1 92 781
4 12 171
45 61 809
54 78 588
17 29 33
25 2 997
21 17 348
87 50 316
52 80 535
51 9 261
46 69 88
33 71 32
83 43 845
5 35 211
54 88 378
1 23 633
13 75 585
26 96 953
86 21 143
93 17 247
96 75 279
78 51 810
20 47 753
49 56 824
29 21 372
30 14 789
7 94 627
86 87 591
25 2 113
49 22 565
71 57 775
86 76 144
25 73 138
33 48 408
23 75 37
57 7 331
33 35 147
42 9 194
45 40 244
61 46 590
22 27 53
68 35 193
95 26 147
66 59 151
32 39 997
27 92 449
71 36 584
94 93 1
9 19 474
35 38 990
74 20 90
14 4 750
6 71 596
29 93 1001
81 53 966
2 18 263
85 3 675
2 67 861
43 78 656
64 66 399
34 55 214
47 12 947
43 80 227
29 56 5
33 58 565
36 40 218
27 21 388
87 48 1000
36 35 589
48 88 185
79 57 160
51 47 711
20 55 758
33 26 4
88 45 266
46 99 884
11 51 169
22 12 691
3 96 670
12 72 899
84 1 420
24 97 169
43 89 19
66 22 110
3 13 540
31 97 598
31 83 133
90 94 922
62 8 727
56 29 206
37 20 449
69 7 874
45 77 582
88 70 476
91 18 281
31 65 975
35 52 122
67 64 318
53 53 232
84 31 757
60 98 371
95 29 271
93 33 686
69 85 341
10 79 704
70 49 479
98 14 645
65 5 258
69 59 268
81 50 523
20 53 968
9 8 432
40 54 291
19 46 302
34 44 394
53 62 569
92 11 737
70 14 863
1 64 951
29 84 665
72 21 19
1 69 297
40 95 185
75 85 295
14 10 804
100 36 373
62 29 875
60 26 347
30 73 528
100 48 916
15 97 984
42 28 16
100 70 678
3 77 821
33 12 336
62 85 287
18 99 947
17 36 738
57 33 778
2 56 405
41 52 557
45 86 296
99 44 650
95 4 761
74 11 484
88 94 471
31 8 531
82 55 154
6 71 209
28 23 685
27 1 910
97 22 256
60 2 547
100 53 819
70 27 97
66 17 426
7 75 39
90 64 797
98 5 998
37 84 990
43 15 471
87 41 758
99 51 1016
8 53 215
1 8 159
34 56 184
91 37 792
33 85 203
93 81 989
16 35 953
42 74 555
71 90 663
87 48 68
62 48 983
89 61 443
77 1 677
97 79 1003
36 83 949
10 18 792
61 94 191
58 24 809
21 90 140
4 20 205
8 13 61
93 47 97
33 15 222
99 98 506
8 96 200
53 36 753
93 87 958
90 19 202
62 37 504
49 55 497
50 76 666
10 27 110
54 38 910
62 31 401
100 69 709
50 39 339
43 72 1007
15 3 1002
41 1 36
98 83 297
11 34 237
20 27 103
67 48 863
100 56 746
97 24 271
7 84 636
74 8 881
96 90 5
73 37 636
39 79 675
23 65 893
68 88 432
9 55 19
14 29 264
72 75 384
85 44 914
68 3 110
63 26 585
85 2 73
68 17 126
88 73 124
40 19 419
84 39 507
60 47 551
83 30 799
72 25 904
61 29 685
73 19 967
6 34 412
20 25 785
56 30 259
13 54 966
1 79 320
47 90 568
16 97 390
76 21 671
28 95 391
39 1 903
85 65 565
75 77 426
3 4 428
39 75 87
29 96 994
30 17 695
29 95 662
83 3 856
87 49 128
82 84 22
14 9 108
75 5 291
67 90 272
42 37 314
49 13 864
49 24 638
44 99 376
49 20 516
65 23 969
65 55 201
16 68 399
24 31 130
11 8 807
29 39 866
14 28 860
69 24 769
76 37 82
67 98 823
31 87 500
75 36 144
3 63 280
74 79 583
21 94 669
81 59 969
58 48 664
45 97 1008
50 41 116
15 64 699
91 80 591
45 5 252
99 65 941
32 89 457
41 4 572
65 46 837
80 40 834
56 31 929
69 22 708
29 34 696
13 55 48
81 28 330
52 59 372
86 94 744
12 88 875
93 4 114
96 35 640
51 18 252
46 24 93
33 52 808
4 23 998
37 65 962
5 86 987
83 3 18
18 71 542
13 42 343
10 67 352
68 40 352
33 92 702
75 11 745
4 87 753
40 12 410
25 65 77
62 36 959
80 69 837
66 27 1011
47 3 386
95 69 771
8 60 578
87 87 721
98 6 117
48 56 816
17 17 466
30 97 650
9 38 818
91 91 1015
14 71 774
42 22 712
68 48 328
23 61 258
32 18 432
18 56 82
16 19 169
18 81 133
90 53 581
62 93 850
74 50 531
88 84 780
93 5 527
58 92 814
25 56 81
79 49 782
15 8 344
72 89 660
7 6 91
18 32 363
41 25 400
38 24 108
27 67 438
53 31 665
71 26 331
86 94 246
89 67 695
2 95 150
97 60 967
87 71 156
80 50 769
77 39 960
86 61 500
87 16 599
68 36 553
48 81 201
99 17 770
15 40 992
37 53 378
47 99 474
18 99 893
64 62 79
35 35 884
73 90 360
41 16 157
59 100 434
66 2 616
51 95 59
33 10 648
18 78 269
13 95 397
100 83 380
68 6 973
2 87 1001
3 87 258
39 53 747
78 26 270
27 8 599
70 56 974
40 18 302
17 34 63
82 3 481
84 52 363
78 67 217
7 45 592
95 12 484
39 82 841
25 7 323
66 83 871
98 80 995
24 31 496
66 72 374
85 21 274
92 15 186
69 88 651
71 94 600
90 31 956
30 47 50
85 77 321
85 69 960
55 99 930
65 10 735
32 77 383
64 97 745
45 16 709
37 100 993
41 14 526
40 7 189
3 30 1021
76 40 983
7 9 405
45 58 462
59 27 55
25 71 860
52 77 1003
64 98 282
29 89 965
89 63 831
27 65 748
79 50 903
78 11 891
80 69 371
73 95 366
55 60 573
28 3 785
39 74 415
37 18 792
42 46 402
35 24 436
62 36 749
98 92 650
56 41 153
69 38 589
27 88 777
94 72 400
8 27 548
74 88 482
52 99 129
99 19 674
23 65 356
5 78 576
96 53 581
19 30 221
30 63 574
11 94 376
83 51 233
66 72 288
14 86 408
3 47 883
83 63 55
19 26 9
11 52 162
80 28 591
34 12 274
51 75 845
73 2 778
79 47 32
67 44 670
8 58 38
64 99 149
7 27 349
24 2 113
96 36 310
90 40 812
65 24 543
3 53 901
29 22 941
78 75 680
49 27 536
21 20 136
97 47 466
35 91 233
78 44 119
97 88 240
5 25 532
62 69 44
99 87 158
80 26 222
12 80 7
44 48 54
89 64 381
17 94 961
23 80 988
70 59 98
76 23 626
5 13 719
1 57 694
88 63 357
63 90 591
21 98 539
54 44 845
83 23 910
57 42 925
12 50 861
96 60 384
84 52 561
15 79 120
87 89 438
25 4 220
12 33 837
2 28 349
78 20 214
47 13 41
26 8 546
70 25 247
61 23 697
19 46 23
43 95 904
29 21 5
76 75 873
47 43 254
13 62 228
25 8 597
37 81 1003
93 68 1002
82 74 702
17 73 975
32 11 354
7 34 150
42 46 651
39 28 746
77 41 776
96 26 316
17 34 26
71 100 158
26 53 190
39 92 290
3 61 585
15 70 402
77 99 62
54 96 902
44 54 346
100 54 91
31 19 419
18 2 391
65 20 557
35 54 387
80 96 870
84 75 43
18 51 988
76 70 793
62 58 854
73 58 443
34 42 194
53 67 161
33 70 924
37 58 449
75 36 702
70 82 587
58 24 310
39 30 295
34 43 815
12 14 24
18 64 460
7 76 142
42 15 763
62 68 28
44 35 884
39 46 945
79 77 873
79 86 340
29 32 257
27 67 566
51 89 402
54 57 342
21 40 115
75 25 62
82 80 606
1 19 852
14 77 515
93 23 986
84 51 253
9 11 40
92 96 584
85 35 531
25 76 958
56 83 299
21 27 768
58 25 999
88 83 698
62 89 497
32 61 530
46 82 991
39 47 195
98 3 109
5 33 356
14 78 212
95 54 898
57 38 725
99 15 827
100 77 976
69 55 959
10 58 826
54 33 258
85 6 949
61 9 811
53 61 89
43 48 310
61 30 338
75 9 197
16 46 80
49 14 54
67 61 301
78 89 20
89 63 504
34 29 781
29 21 927
66 30 454
32 63 403
82 97 601
24 68 401
35 34 526
2 45 498
26 79 351
98 12 944
57 67 226
76 39 208
72 14 965
67 70 838
49 61 504
54 100 860
82 25 562
54 43 318
93 46 70
68 91 879
50 94 613
28 46 718
3 91 979
56 19 697
68 100 782
93 8 799
59 47 21
47 4 586
100 33 139
28 84 492
72 100 350
52 42 481
59 51 368
79 91 557
74 84 507
11 14 26
73 50 306
96 30 604
13 33 3
81 100 662
55 76 898
49 97 243
47 90 28
69 58 186
99 45 698
45 34 555
40 38 733
45 77 869
23 89 894
49 40 859
69 21 77
100 90 661
59 93 735
85 8 747
47 91 573
88 52 685
51 6 475
84 36 570
80 79 496
67 46 112
58 54 863
92 58 595
11 52 883
16 69 756
8 41 984
68 45 49
69 53 829
88 12 822
27 60 147
22 55 866
33 32 648
24 64 291
12 6 444
99 94 349
58 54 65
95 88 106
100 16 725
50 32 672
96 91 976
100 54 198
13 26 370
49 56 558
26 88 187
59 75 841
15 10 550
29 44 708
2 90 272
67 39 378
89 84 986
44 79 482
82 36 633
72 29 951
14 2 677
13 43 974
52 58 873
97 24 915
51 2 431
91 34 915
10 66 416
29 71 66
74 97 318
91 77 303
22 96 864
9 82 859
62 68 35
41 87 916
37 71 150
62 95 625
32 29 511
10 22 384
16 70 288
53 32 236
76 97 672
47 29 888
53 100 912
67 1 218
67 55 694
72 30 796
83 66 1009
94 94 804
54 29 921
99 23 263
38 75 559
3 92 573
86 13 684
28 25 551
54 78 41
37 35 141
99 17 202
17 45 174
58 99 766
26 15 258
68 41 218
72 39 230
20 97 564
50 88 715
2 48 814
27 56 736
27 78 469
76 71 470
31 92 258
81 27 558
31 20 366
83 12 725
71 64 597
19 72 467
22 86 906
17 22 688
94 11 364
26 9 497
93 37 447
13 10 24
25 68 425
39 53 390
5 43 990
100 61 894
23 49 170
17 92 920
31 12 992
35 9 134
24 25 308
86 92 753
38 10 925
77 56 704
76 29 471
96 6 861
25 55 967
60 92 482
54 86 218
88 68 375
16 73 925
53 62 48
74 70 804
20 90 960
14 18 477
50 13 803
79 41 703
36 48 264
16 15 343
40 67 116
76 92 541
36 73 531
2 52 965
22 51 304
35 60 432
81 14 275
33 7 453
7 80 369
22 2 922
98 8 757
89 13 262
74 81 416
88 75 987
35 88 194
84 49 1008
36 74 323
70 69 347
72 34 6
8 2 355
80 47 534
97 29 669
89 38 719
68 62 159
24 78 34
56 10 907
80 70 695
45 4 886
75 27 516
87 61 602
81 64 238
45 23 750
7 82 996
82 85 63
99 35 656
32 8 10
100 63 573
69 68 20
38 42 318
38 67 817
18 82 563
23 97 466
15 21 310
27 69 991
49 88 814
13 20 55
38 22 69
46 46 369
92 51 194
50 73 802
51 84 501
56 55 746
85 36 322
99 72 763
86 76 870
86 67 705
26 69 735
58 3 828
58 73 630
84 36 491
34 24 727
74 6 373
97 47 710
95 37 305
51 1 821
98 20 1007
84 52 691
38 96 465
86 35 186
92 92 821
85 29 1019
69 47 405
90 98 819
67 46 181
6 94 100
76 45 693
25 79 204
44 60 180
29 12 135
13 99 330
91 88 550
56 11 695
69 85 209
67 90 426
60 79 851
54 64 413
100 61 13
1 78 796
100 67 7
8 21 550
59 56 590
67 60 713
83 38 765
89 80 891
69 91 307
6 44 161
88 15 128
24 37 534
24 89 819
81 2 561
19 90 932
2 69 15
17 31 1009
79 32 163
70 28 876
20 30 139
87 11 89
57 90 395
69 68 1006
25 15 550
77 98 171
11 77 896
32 57 253
60 58 606
2 90 355
47 86 1010
63 48 74
71 95 595
47 16 1001
68 9 500
5 81 112
92 30 385
35 88 815
68 54 340
1 91 747
23 97 645
97 89 14
66 96 844
45 97 178
39 89 248
87 1 10
95 1 405
21 42 1022
94 49 964
74 42 160
84 28 175
52 61 33
47 45 210
57 44 653
23 46 494
37 1 758
12 73 186
67 30 37
68 19 396
5 36 14
16 65 268
47 22 505
59 58 590
46 48 515
75 32 575
61 24 463
44 7 230
39 52 312
49 74 564
10 5 944
17 59 564
77 97 292
28 62 112
13 97 106
40 44 611
50 80 703
42 95 619
97 75 192
17 70 394
41 94 366
66 24 452
76 53 399
40 5 597
34 49 564
46 77 653
28 38 58
7 30 127
65 98 306
86 70 560
38 3 184
57 90 343
32 81 199
9 92 221
51 12 615
91 21 238
96 90 839
19 61 544
4 4 92
26 11 864
71 15 954
2 76 862
87 55 729
18 98 836
56 25 2
48 89 263
21 15 549
49 38 311
31 2 183
83 94 300
84 99 385
72 5 935
76 39 175
59 35 922
21 40 420
78 64 259
97 64 537
44 7 626
7 38 18
67 45 686
94 93 724
46 6 435
63 6 69
7 58 72
97 41 640
60 41 53
7 8 997
84 36 24
3 100 227
43 19 608
84 63 23
46 100 19
6 7 611
25 78 455
78 45 126
4 59 94
51 50 418
86 89 577
92 14 763
66 62 401
59 43 492
70 93 593
40 44 958
14 21 1014
87 18 593
80 83 291
36 99 127
59 22 905
80 39 998
89 56 884
16 88 26
87 99 831
67 92 31
43 39 784
4 43 833
67 14 186
24 45 314
25 65 998
23 2 378
32 71 455
95 44 420
35 62 487
38 15 889
32 83 550
44 51 163
82 38 26
40 11 34
84 53 864
60 23 830
96 21 87
100 36 81
93 24 98
4 64 936
66 97 80
5 52 632
7 75 55
28 43 676
28 86 466
77 62 34
45 17 734
27 93 508
95 58 678
18 25 412
37 34 83
46 34 557
24 90 595
9 29 813
52 89 176
69 64 4
56 22 617
93 40 424
85 11 97
75 20 276
94 55 548
59 41 669
10 16 790
75 25 131
8 57 114
64 46 563
58 38 594
8 60 803
20 62 776
16 5 405
51 25 435
100 28 519
55 57 631
90 13 455
36 77 53
31 43 649
48 35 265
40 79 443
64 48 708
81 61 844
41 35 77
25 89 324
23 19 631
70 74 33
88 61 108
94 27 1022
26 42 262
83 98 69
91 82 648
4 11 865
58 30 788
65 27 496
11 95 274
36 52 894
28 18 495
67 2 249
61 33 502
77 60 309
93 39 591
27 64 961
76 55 464
93 27 366
44 96 711
100 73 45
59 77 445
55 62 575
75 77 607
54 39 220
19 3 929
77 70 556
55 61 9
13 44 708
84 26 163
4 68 819
38 34 554
31 71 766
43 72 152
81 20 927
30 65 1018
17 56 492
86 88 700
80 79 223
34 56 965
4 43 1005
73 30 882
94 54 813
51 42 897
74 43 375
49 16 369
86 20 395
89 71 472
40 81 458
23 76 357
58 84 442
93 78 755
57 30 127
58 3 467
87 40 282
80 93 409
62 71 976
70 74 689
7 46 128
87 88 825
41 16 154
50 56 830
31 47 215
30 21 264
49 92 136
7 69 315
68 41 271
48 26 679
95 44 563
82 19 392
14 84 975
22 18 485
91 15 803
13 89 479
2 86 501
63 14 984
65 74 730
74 76 2
22 18 785
9 13 387
14 79 783
22 81 210
88 84 681
23 35 695
42 72 524
60 2 155
52 5 275
92 17 400
52 78 264
18 11 889
28 41 439
7 15 112
7 2 268
60 53 112
39 79 872
98 44 781
9 8 1023
93 59 904
37 65 944
64 21 913
32 30 693
52 58 5
71 84 528
93 39 200
100 40 410
67 7 198
77 34 895
41 61 825
40 80 445
99 31 427
96 40 988
63 7 1020
83 83 959
25 36 787
1 76 879
83 59 856
2 48 741
7 40 970
44 2 257
94 82 761
3 56 238
43 64 321
18 88 736
7 79 574
42 95 558
64 26 530
35 90 410
71 41 679
31 43 321
56 54 788
99 55 1012
16 52 319
13 76 52
100 26 175
88 95 423
74 9 275
66 58 308
34 78 69
26 21 844
75 56 983
67 96 761
61 21 662
30 67 162
90 22 12
53 80 779
8 9 389
84 16 599
18 30 330
10 77 474
51 62 1008
32 2 223
56 91 160
62 12 941
7 47 559
21 15 788
67 97 497
39 76 933
20 90 659
59 78 375
81 82 661
78 73 151
39 4 366
62 42 285
63 57 340
90 46 711
99 93 678
87 14 977
55 67 201
36 94 118
36 92 233
93 74 11
82 70 835
2 44 29
35 62 165
38 82 896
38 80 71
20 19 567
37 75 307
44 78 378
84 72 48
56 33 841
15 56 843
92 76 936
14 94 351
78 56 388
27 59 175
98 91 273
75 76 334
59 50 589
15 6 721
73 74 618
67 71 485
69 44 225
72 89 811
78 26 279
63 87 753
78 9 462
1 21 702
75 77 862
82 54 706
96 53 630
87 9 64
36 79 1018
14 73 811
61 36 473
48 49 82
11 9 89
26 99 640
70 77 293
40 78 362
97 69 638
83 2 847
77 80 594
48 89 47
60 18 825
88 28 931
29 82 791
7 83 774
86 40 321
26 35 459
16 92 898
4 85 685
96 55 326
93 38 699
5 52 969
90 17 410
77 78 780
10 11 312
90 5 374
7 17 404
36 28 145
97 53 404
75 54 899
70 13 684
34 48 583
55 14 281
80 55 625
8 47 479
27 91 428
100 26 765
18 58 753
84 71 845
67 2 404
78 23 72
44 78 385
58 3 156
40 59 793
95 70 805
16 32 538
36 70 445
41 97 432
7 29 905
88 3 652
78 94 818
45 16 744
85 8 673
1 46 432
52 80 435
85 40 492
67 83 824
80 82 664
81 9 473
19 13 1019
74 63 632
40 57 532
16 36 36
53 58 37
77 27 60
21 12 270
12 17 249
7 35 831
3 65 1005
33 83 342
90 34 399
74 72 402
96 95 123
73 5 185
92 43 236
69 33 26
15 1 1013
48 19 250
48 38 600
65 94 776
70 6 924
66 90 310
90 82 744
8 72 940
78 38 719
5 67 102
26 20 840
46 79 209
54 49 96
82 60 202
86 77 40
77 78 458
23 83 152
35 17 909
45 29 499
11 70 1023
77 65 418
36 40 498
49 73 733
53 62 952
89 73 933
32 44 432
3 6 220
16 14 138
22 38 558
76 57 781
19 22 541
12 72 742
51 92 333
39 9 324
48 74 597
73 36 90
17 55 468
8 61 246
90 31 72
34 70 497
22 70 747
65 55 222
10 75 16
18 87 386
69 35 503
52 67 441
95 93 972
42 5 371
86 100 920
71 85 889
37 29 453
88 26 182
65 91 564
43 11 204
42 5 354
2 53 587
14 35 566
78 69 778
100 26 336
51 17 213
28 96 138
9 21 434
58 30 27
86 53 850
73 36 308
99 53 1
51 60 567
2 14 217
23 55 142
36 85 476
85 70 453
90 36 222
28 48 572
41 13 998
55 82 962
8 19 599
4 79 886
57 85 515
42 24 790
91 81 793
63 51 648
64 68 744
55 100 442
76 40 950
5 21 525
29 41 154
53 49 1007
32 56 175
56 17 805
43 23 564
6 36 17
24 68 916
72 94 229
92 37 976
92 92 692
66 63 317
85 36 748
98 60 105
80 63 587
58 72 46
40 31 327
34 71 557
2 50 544
50 30 967
91 67 393
34 52 870
14 71 762
22 14 268
56 97 343
65 75 179
95 43 114
10 85 259
58 55 1021
17 99 92
84 60 88
99 14 90
81 34 526
78 34 963
77 81 493
3 5 368
50 10 276
79 99 1016
31 4 618
55 81 333
64 51 485
88 31 792
48 93 991
82 47 689
23 7 1023
3 55 199
71 51 763
14 3 156
89 42 121
99 56 211
48 33 891
55 28 25
56 72 327
6 27 552
59 81 287
91 81 240
10 20 348
71 23 863
58 24 138
8 54 179
21 42 226
27 18 814
48 65 329
73 13 649
53 2 543
27 60 146
15 5 628
37 21 75
1 34 916
75 51 942
93 70 482
89 55 472
82 40 413
55 54 600
13 25 424
61 14 929
64 85 305
62 3 497
12 100 304
30 38 751
17 51 47
53 6 811
56 55 920
80 74 154
45 8 769
43 92 34
40 90 946
19 47 291
25 13 82
96 55 208
43 64 168
92 100 556
94 82 685
59 75 519
31 42 119
41 49 675
58 64 942
86 93 392
98 51 226
43 41 871
67 59 71
83 92 155
92 48 913
59 12 700
2 18 363
54 76 330
19 46 334
93 75 988
42 20 92
17 94 799
85 42 435
19 38 813
51 49 896
74 64 727
72 69 197
31 74 166
55 86 20
95 95 498
16 69 607
25 96 301
65 48 442
73 16 675
62 38 291
80 41 718
61 96 58
68 67 572
35 11 790
32 68 242
82 63 156
25 41 794
29 91 561
20 17 55
16 50 709
84 72 649
83 5 774
73 35 69
86 100 840
13 31 228
26 39 725
10 48 453
93 75 488
74 40 150
57 62 348
87 11 745
50 27 662
49 43 145
87 67 125
97 53 822
79 63 382
11 67 569
7 55 347
57 71 992
23 62 156
36 58 343
58 18 370
81 25 381
1 11 1021
92 92 321
86 96 825
92 43 652
24 56 1001
92 100 846
50 69 286
64 88 321
84 16 414
2 90 481
72 3 775
37 94 477
100 17 326
97 65 673
97 88 196
56 42 649
33 20 82
13 4 665
57 40 567
11 20 612
28 24 310
4 13 510
78 88 706
62 73 687
85 66 748
84 80 622
29 81 725
51 45 799
48 47 141
99 100 563
21 48 494
46 35 939
13 35 525
44 58 105
56 12 105
73 86 155
20 99 61
43 82 858
50 66 222
99 50 740
27 3 749
58 8 72
33 44 876
69 61 118
69 34 701
42 70 191
57 80 769
46 41 834
44 56 377
9 95 5
83 95 264
76 5 386
20 64 183
44 67 43
97 12 216
96 17 391
46 75 487
98 62 690
28 33 860
48 34 83
68 27 793
60 74 812
21 12 849
21 37 53
90 64 236
52 85 755
84 57 426
87 81 847
18 1 919
9 97 6
16 71 457
45 16 808
77 90 875
25 100 784
49 99 429
74 59 438
60 73 708
67 61 231
14 78 15
27 6 664
96 96 931
84 73 618
34 51 555
62 79 288
86 67 343
100 24 423
34 27 789
58 79 774
37 49 935
36 91 521
41 61 876
96 45 427
21 50 555
85 89 135
41 54 911
37 22 396
20 53 275
23 57 780
91 53 797
31 97 580
5 34 38
22 19 398
77 11 181
95 29 288
6 67 207
17 59 320
100 12 425
58 97 372
23 12 63
90 53 124
92 49 683
90 9 187
37 59 545
61 27 789
21 4 802
71 65 629
67 2 403
68 98 67
51 44 781
40 71 992
38 17 760
85 96 161
76 56 550
22 12 910
43 57 48
23 3 647
4 86 943
22 64 139
7 46 841
50 40 142
48 95 893
84 97 908
66 51 618
18 50 565
21 94 502
22 21 443
5 68 791
37 84 127
32 91 345
94 10 517
50 70 171
58 12 914
31 2 255
59 45 751
88 98 760
78 99 838
83 100 778
38 63 378
88 91 703
90 90 422
69 26 205
55 46 605
53 15 74
26 9 346
52 95 326
94 92 934
38 13 630
87 33 454
94 75 847
45 39 351
93 73 347
11 61 1013
36 51 544
82 62 517
23 17 213
55 91 953
13 92 217
58 84 768
10 83 239
31 30 615
78 54 241
100 46 381
76 22 842
27 55 849
34 27 178
8 76 922
86 92 429
62 52 714
58 23 896
65 83 496
29 38 635
43 16 562
38 90 826
17 8 42
87 28 980
59 37 397
92 77 590
81 9 955
93 4 955
3 43 171
78 94 419
60 47 902
96 27 561
64 30 285
51 8 168
91 68 449
78 11 285
90 73 269
2 65 868
70 81 84
6 97 192
58 54 437
4 24 53
68 82 769
98 18 564
92 22 642
12 27 628
49 19 996
99 74 432
31 76 246
53 42 215
51 57 696
18 1 228
10 30 968
14 39 64
88 26 659
43 55 152
5 12 834
17 75 682
42 27 5
25 11 220
92 12 358
36 19 215
96 73 245
51 99 576
6 26 869
20 43 600
7 94 800
43 61 40
29 37 430
50 78 443
96 62 445
74 46 1015
97 70 53
13 70 268
84 43 18
47 68 890
23 85 455
99 16 12
29 46 315
1 48 427
93 86 128
99 77 168
3 23 990
25 61 91
65 45 886
76 73 322
1 47 785
13 29 565
24 87 250
83 95 6
39 9 71
2 74 674
31 100 966
16 89 1011
31 13 25
58 17 74
53 13 508
25 63 998
62 84 79
46 45 803
8 94 223
9 99 53
81 92 854
8 32 628
13 61 32
90 82 167
40 88 798
29 37 23
20 29 326
58 39 18
45 51 117
76 25 248
57 13 734
87 36 758
72 3 621
58 47 236
43 97 681
59 66 852
76 39 75
96 29 405
27 72 636
15 49 682
75 73 959
11 50 349
86 47 900
1 74 244
59 1 298
57 9 351
26 36 202
80 43 524
56 21 726
78 88 268
72 24 352
63 63 282
43 35 573
20 70 926
85 50 134
90 36 990
3 87 516
67 81 532
14 10 611
86 52 569
71 77 842
6 38 809
49 61 234
66 5 842
76 92 245
42 95 794
65 73 465
68 25 730
23 97 185
27 4 1017
66 55 580
70 77 1020
64 62 235
84 93 482
96 4 865
22 89 1022
78 52 127
76 20 468
74 85 206
9 17 335
71 75 859
40 3 31
61 51 141
47 30 600
91 44 663
44 68 511
60 46 443
76 79 267
5 43 169
13 50 364
39 16 135
74 58 580
82 18 697
66 44 976
44 73 673
11 99 351
47 56 516
8 2 848
10 73 564
37 33 852
62 71 904
2 85 621
45 32 646
46 97 675
69 60 1016
50 32 726
53 14 361
55 69 370
52 76 520
49 71 685
45 6 297
20 80 114
3 26 90
45 82 807
28 32 593
20 45 849
2 55 725
29 51 45
69 43 851
50 25 245
3 100 859
11 97 783
26 64 943
65 12 281
51 53 979
71 99 161
34 59 846
45 54 643
56 4 98
88 39 136
45 21 464
49 12 379
25 12 655
57 99 688
41 36 382
88 25 770
31 57 543
15 95 401
56 96 71
6 49 646
23 3 681
82 2 827
85 35 1006
30 13 788
8 86 307
57 34 112
39 85 764
54 99 559
95 89 890
75 48 38
10 76 587
51 13 792
25 60 851
90 42 386
84 60 979
32 16 703
46 57 329
90 92 83
83 20 14
10 39 607
5 22 124
49 40 745
90 59 638
89 36 314
40 66 567
44 75 758
55 97 455
28 38 137
48 3 603
47 72 919
20 12 839
49 94 543
15 28 470
76 22 373
15 98 936
41 44 289
66 79 1023
32 7 811
64 59 855
9 24 219
44 4 671
79 2 674
51 77 101
91 26 771
45 22 4
25 34 989
27 94 880
53 24 643
29 64 890
63 68 683
83 60 515
21 20 262
85 11 217
40 56 952
10 28 431
15 68 782
36 57 608
63 79 255
36 35 698
99 47 255
10 79 790
84 11 780
47 91 206
29 29 687
41 97 274
7 77 117
52 55 252
14 12 824
62 39 966
75 83 558
74 65 916
89 27 794
29 59 921
82 77 827
66 80 21
53 92 385
8 49 99
64 82 298
83 84 337
95 6 627
24 90 934
80 16 615
57 23 218
98 46 343
95 84 216
25 32 768
25 96 677
97 83 243
93 78 240
96 19 662
60 91 209
17 48 884
80 75 5
77 72 230
17 91 270
71 9 1015
45 40 870
88 59 824
11 95 711
6 20 555
100 70 971
4 28 622
7 38 488
10 40 618
6 16 255
77 82 420
14 77 407
29 73 285
36 28 723
87 3 821
16 40 1008
50 82 964
98 61 622
12 6 735
17 50 228
38 79 87
55 83 882
4 99 195
25 90 369
31 71 625
85 3 933
90 35 85
34 11 978
22 94 543
88 59 337
25 22 607
57 100 993
75 11 254
27 93 490
55 29 565
20 100 872
72 64 1008
76 71 493
94 68 880
51 49 594
6 78 43
91 43 280
32 64 568
92 22 338
52 89 194
43 22 779
59 22 429
33 77 200
86 49 139
19 67 896
13 84 827
4 17 210
69 7 836
45 76 883
1 42 222
42 42 15
73 25 740
41 32 767
4 28 421
29 53 912
73 80 46
92 64 611
65 71 488
62 5 677
57 2 951
53 93 1011
6 39 41
19 75 5
93 27 142
57 38 694
29 26 995
2 18 387
94 3 772
10 11 188
10 44 859
7 43 498
93 89 555
10 74 578
42 99 714
3 74 989
21 27 956
33 79 861
65 21 5
40 34 705
16 64 817
21 63 302
19 63 375
46 48 807
2 16 42
50 4 959
72 57 199
59 28 75
30 28 132
9 73 270
59 30 1007
45 5 446
11 51 735
82 96 102
87 49 592
30 96 806
58 41 524
11 12 311
10 61 1000
78 64 38
44 21 187
95 73 3
87 34 276
13 97 520
12 74 351
43 34 923
30 10 619
62 32 804
84 61 1017
26 81 264
30 11 272
51 67 748
73 30 743
18 85 80
10 68 352
58 67 844
74 52 349
11 53 525
99 11 517
46 5 32
25 45 80
76 65 614
32 9 126
73 20 66
72 44 482
4 75 831
26 44 941
65 77 769
72 67 909
16 49 979
54 53 677
4 46 549
46 45 260
10 79 632
82 93 917
25 66 122
37 77 496
27 14 518
37 39 446
42 74 1016
63 54 141
12 9 307
99 93 878
30 79 942
79 81 825
21 65 659
97 55 962
83 67 546
87 78 910
51 35 151
14 56 285
39 85 891
7 19 680
20 5 772
22 44 683
31 39 396
10 55 600
65 37 142
7 69 1014
25 79 225
92 69 344
92 49 974
79 37 187
66 3 143
51 83 231
4 90 855
33 29 243
72 58 365
31 27 403
84 78 894
26 63 435
37 74 1008
17 59 662
48 90 903
11 48 647
12 94 237
28 77 624
17 22 825
6 2 377
96 63 913
46 10 654
85 8 120
2 41 496
88 43 601
8 98 411
31 29 927
24 36 741
37 11 43
13 6 138
54 84 752
31 97 83
82 49 305
70 94 549
77 92 795
93 15 422
27 93 774
5 89 672
61 53 107
68 62 901
12 10 921
27 53 678
59 1 707
39 7 216
53 50 122
85 37 826
18 50 452
100 77 74
50 19 799
99 20 608
88 28 522
78 20 292
21 43 840
57 22 605
82 53 978
82 76 276
6 70 107
83 91 891
60 26 117
66 97 379
83 33 1021
26 98 564
69 87 229
82 57 699
30 22 554
16 44 262
41 16 114
43 74 873
33 93 99
43 98 1016
73 86 213
46 51 830
93 79 466
93 84 929
82 43 550
2 59 682
95 19 250
46 91 64
95 3 867
96 57 449
62 23 598
51 23 174
77 76 495
26 82 332
99 54 379
20 36 292
88 61 819
89 12 847
66 60 743
64 87 214
15 98 246
68 94 147
18 67 133
98 45 30
12 22 961
64 97 633
47 15 916
28 80 875
36 42 704
42 13 745
51 83 497
17 65 598
58 65 704
36 65 342
75 26 89
30 70 467
4 32 410
54 55 152
97 35 838
49 58 396
31 15 466
91 91 481
57 64 502
91 62 55
6 87 303
52 98 794
95 50 93
41 86 775
55 49 195
100 27 801
9 34 662
28 11 240
63 48 147
48 15 968
85 98 243
34 69 1006
94 58 903
38 72 40
56 11 933
55 95 883
99 4 426
79 16 180
31 10 563
97 75 859
60 15 394
54 94 637
26 43 25
23 91 180
95 46 553
52 84 673
14 88 752
49 26 893
33 82 685
77 68 940
40 71 911
8 20 232
45 77 227
46 3 200
22 58 471
70 68 525
49 80 195
82 42 2
65 78 702
94 40 922
1 49 905
68 30 991
63 21 43
62 24 711
80 92 433
65 95 742
80 53 361
53 96 281
84 32 277
78 44 216
18 62 880
89 80 255
61 78 246
59 96 64
54 34 726
38 98 595
87 74 176
93 6 895
24 27 181
49 33 904
5 47 906
48 29 628
70 5 726
85 44 136
9 56 979
76 78 923
5 23 353
62 74 86
8 82 835
67 89 321
43 57 430
62 12 596
75 71 821
50 13 269
78 57 913
62 88 673
17 22 344
66 6 666
88 44 399
37 55 168
52 64 523
47 98 886
14 46 734
60 22 577
68 31 369
37 6 102
61 36 742
59 43 815
91 50 578
56 9 868
36 99 278
65 57 598
25 46 705
67 24 788
34 72 1004
32 43 1014
74 22 654
2 5 890
89 58 893
95 77 38
36 95 416
86 25 218
30 96 244
34 96 226
52 89 311
3 22 127
45 38 800
15 21 735
85 14 774
85 100 689
92 40 41
2 53 346
83 33 276
40 28 205
40 29 693
74 87 827
12 29 477
96 98 566
62 54 272
21 15 331
29 66 476
52 87 239
85 47 257
88 72 65
80 28 224
91 9 627
39 19 768
47 24 807
57 40 318
58 43 70
8 98 872
31 80 556
98 38 747
54 64 605
98 91 889
54 67 308
19 72 129
41 55 699
59 70 417
31 5 819
80 72 481
41 67 1019
12 54 382
14 43 1008
44 2 34
19 18 301
93 95 428
54 95 408
54 46 310
41 96 667
100 24 44
59 97 407
73 6 593
14 16 962
96 2 95
23 25 471
29 5 1008
31 22 602
82 61 74
18 5 583
87 5 85
19 44 561
34 54 726
3 59 507
97 44 203
80 93 36
14 10 618
8 89 880
8 100 130
19 51 238
96 86 595
19 26 1004
27 72 875
64 8 154
60 48 26
7 89 950
39 80 916
75 88 641
54 15 818
21 42 310
79 23 260
98 91 148
79 73 119
48 27 377
54 39 313
33 2 438
34 46 499
92 28 261
59 38 651
25 63 1021
26 7 389
10 59 624
11 76 393
8 8 631
22 5 55
10 25 295
85 92 836
30 14 329
78 20 398
95 53 853
22 52 355
80 28 377
37 74 801
18 51 872
9 75 193
35 48 823
68 8 541
40 47 554
36 58 400
75 62 569
88 26 433
17 98 326
49 71 422
28 95 104
21 61 17
78 93 470
68 1 251
67 99 154
22 24 473
28 35 772
40 3 977
81 49 919
73 35 842
7 53 438
99 67 302
21 4 494
73 25 506
21 76 626
73 50 48
11 56 524
79 7 359
34 66 350
24 45 668
32 41 823
72 89 777
52 70 717
3 76 288
38 85 656
69 73 226
98 76 1000
70 11 813
90 94 567
24 11 621
5 14 224
67 15 517
71 68 962
42 82 716
7 43 709
95 84 472
76 96 470
94 26 598
56 90 693
48 29 217
40 71 542
6 92 1020
33 41 657
2 4 840
10 66 597
85 59 1013
25 18 772
78 33 823
13 15 966
68 64 769
80 6 874
25 90 980
70 10 793
4 51 917
18 48 245
19 1 401
71 70 498
54 99 971
79 14 987
49 42 837
96 79 221
14 35 282
10 53 359
52 98 954
31 33 100
20 46 261
6 97 465
85 37 584
38 62 689
11 57 510
57 44 518
61 55 50
6 94 528
90 43 890
18 70 686
74 76 480
20 87 921
88 15 509
49 17 962
30 31 116
63 19 182
99 86 446
85 31 886
27 54 684
14 86 532
24 74 140
81 38 338
96 80 940
21 64 491
32 91 669
7 44 984
91 33 238
45 5 360
28 66 618
83 23 407
85 17 581
41 82 478
28 95 67
36 70 208
97 92 1019
68 15 35
17 91 932
91 70 107
47 24 99
89 99 702
23 21 793
97 63 240
27 75 155
44 32 47
10 30 202
11 37 689
80 59 111
40 7 727
70 56 1023
87 14 5
17 94 995
64 31 170
72 63 591
24 87 814
18 83 516
81 57 773
24 91 869
99 30 888
41 21 77
88 85 809
98 40 847
32 64 343
79 47 460
87 4 656
7 14 444
41 90 637
51 68 1
81 92 536
91 61 955
31 61 12
59 12 567
9 41 66
24 46 105
34 60 327
15 9 577
100 65 864
52 33 727
63 37 639
49 33 894
36 91 32
73 34 342
73 14 458
87 10 970
27 65 23
23 21 6
99 43 731
15 38 288
54 30 1006
51 99 674
12 23 350
35 36 528
2 52 946
23 42 850
75 42 640
62 62 210
90 69 29
31 21 86
81 12 995
79 76 607
96 84 283
69 97 900
94 79 93
24 45 190
98 76 929
66 56 171
8 95 359
32 66 202
1 72 166
81 87 969
25 24 353
72 94 529
6 27 295
54 7 145
24 99 945
78 83 979
25 4 8
67 53 57
99 81 395
17 55 840
40 5 877
73 85 812
27 34 854
5 10 919
29 22 865
32 33 210
15 74 415
9 18 445
67 76 57
40 31 575
15 59 232
60 20 21
94 41 272
1 98 105
34 37 911
52 97 882
23 83 293
84 65 564
94 79 87
62 22 819
61 53 188
24 67 419
80 26 358
51 54 1003
38 90 404
36 94 739
36 72 833
38 9 373
4 45 373
72 44 403
76 54 119
100 88 222
43 61 727
9 66 901
39 89 120
76 16 218
56 32 356
4 96 693
97 38 216
68 7 930
68 63 785
16 6 187
5 38 691
43 91 313
54 70 40
98 89 334
25 20 140
51 49 1011
51 81 545
48 50 448
41 71 664
84 86 134
40 95 823
99 35 685
2 61 418
59 38 25
45 64 944
76 56 726
95 56 326
5 55 814
65 14 543
45 94 975
2 23 317
82 75 815
34 96 524
21 89 930
41 81 866
27 80 897
100 12 545
26 70 593
19 52 887
70 12 875
42 53 493
27 97 490
99 14 806
57 45 688
96 19 33
14 90 989
46 7 619
34 92 643
81 82 522
48 35 761
90 32 289
21 73 528
37 36 80
59 44 11
2 21 291
15 16 358
17 34 826
96 83 663
56 16 342
59 44 263
14 47 341
91 69 935
67 55 821
37 50 679
60 91 250
70 64 740
1 79 675
2 40 627
3 90 406
58 67 966
96 21 854
19 28 751
82 18 124
41 54 498
20 77 201
3 57 461
88 22 471
81 50 794
23 37 401
60 11 657
46 5 28
46 24 708
45 11 715
34 77 930
39 17 193
17 83 617
100 41 1002
55 37 160
46 86 892
53 3 696
68 98 978
93 40 808
95 69 339
54 94 652
28 19 10
23 3 742
62 58 681
93 35 756
38 27 680
56 43 363
34 85 240
6 65 824
34 1 286
18 48 217
1 2 53
58 56 266
56 30 928
7 9 907
68 22 56
61 11 519
58 79 525
25 3 580
37 27 914
98 100 761
52 57 462
88 73 802
21 34 358
66 35 7
63 22 592
27 77 913
97 74 898
78 36 981
41 85 551
86 32 391
94 80 126
71 31 972
45 47 295
85 27 670
5 18 172
4 22 83
17 50 1018
31 43 832
54 23 782
83 41 61
82 47 92
42 18 668
83 100 141
7 15 236
88 27 357
30 23 142
55 77 498
64 89 568
41 69 318
34 27 298
82 15 589
25 66 952
67 27 959
32 75 313
54 36 664
1 4 671
92 96 915
10 30 866
52 3 269
1 95 58
76 51 664
19 38 943
17 51 1022
97 59 498
10 63 175
80 90 1013
90 8 986
22 99 42
86 80 433
27 20 829
23 78 902
67 17 983
52 80 791
75 28 33
50 25 573
77 58 570
42 54 921
31 50 651
77 55 175
13 61 137
80 45 135
85 16 343
73 85 486
4 9 187
8 99 742
22 89 335
63 11 1019
69 10 697
74 95 202
93 89 425
52 53 339
64 46 550
40 72 373
9 83 1000
40 97 718
5 66 415
25 76 679
61 43 406
81 62 715
25 18 573
21 30 587
62 63 614
92 65 336
10 21 432
90 56 27
15 73 417
41 15 657
95 70 650
77 59 956
50 42 753
36 17 387
54 95 933
47 10 31
67 21 417
48 84 964
11 77 395
7 21 356
28 27 338
27 81 325
61 37 887
85 8 863
43 64 392
65 53 869
13 7 663
29 72 131
75 78 222
97 2 340
39 56 438
100 99 205
51 4 934
100 12 675
27 52 739
1 4 549
1 71 692
78 47 439
10 91 7
10 21 697
8 10 504
73 74 939
16 96 156
64 49 837
96 83 190
13 94 714
70 85 786
29 11 476
43 19 545
21 95 453
51 45 920
21 69 51
77 8 842
39 27 535
59 98 850
58 37 514
72 28 779
42 5 984
6 24 881
92 43 822
99 1 754
22 57 614
19 70 50
39 94 3
61 96 796
80 46 686
30 58 930
96 95 392
78 56 633
69 76 538
68 57 697
77 77 535
54 54 691
70 3 982
100 100 469
46 1 325
88 87 611
58 28 845
73 13 661
75 54 13
57 53 29
60 60 34
73 51 312
88 25 157
17 26 448
75 46 741
47 95 701
84 20 107
23 90 240
81 62 303
16 56 159
84 41 194
67 39 470
5 15 39
30 66 832
66 83 575
26 77 481
67 70 956
28 93 40
18 3 394
21 3 394
99 92 460
97 12 282
23 28 289
91 7 365
74 89 799
67 98 794
52 67 456
96 47 70
68 10 59
31 72 560
8 39 604
52 72 767
9 91 590
56 96 862
68 36 357
5 20 830
72 42 618
87 78 507
78 86 376
6 42 608
77 83 155
88 2 306
46 16 107
11 45 1023
20 59 336
63 76 1009
51 49 565
73 70 631
35 37 618
12 82 250
43 98 520
73 55 65
50 5 967
82 35 542
68 47 257
14 94 958
39 23 649
71 58 806
92 4 261
53 31 83
3 54 541
18 63 774
94 18 120
73 35 644
75 4 381
87 55 906
99 61 113
9 56 835
47 97 669
25 16 506
80 91 603
14 69 433
93 3 467
20 31 390
51 23 111
2 100 246
91 53 13
67 23 747
54 51 897
19 3 917
65 12 50
3 87 441
71 98 859
16 74 796
19 30 934
46 61 722
92 6 327
26 84 105
88 53 766
45 63 193
49 72 773
36 10 700
66 48 781
2 68 502
41 30 397
85 28 294
25 24 236
88 88 629
73 52 465
44 15 336
57 67 528
69 40 147
71 74 747
99 39 438
92 92 338
42 71 937
86 90 861
15 17 619
99 41 377
64 90 933
69 7 424
89 44 342
31 56 355
50 67 47
44 45 94
92 15 657
44 29 630
1 28 871
5 86 823
21 39 435
59 16 310
14 15 310
37 41 344
90 3 126
52 92 200
88 15 695
46 40 770
95 26 1010
31 59 164
19 3 311
21 13 733
89 93 369
63 89 995
57 13 701
79 86 66
97 15 390
5 94 1000
97 63 107
81 79 411
71 21 123
6 81 700
62 70 670
86 33 1019
65 88 880
95 36 774
20 84 300
63 66 265
28 39 924
22 82 137
89 53 1006
9 84 221
4 96 267
36 22 333
95 9 835
31 21 680
52 60 547
18 35 469
71 95 399
62 12 395
49 90 760
94 42 915
17 73 888
86 55 434
17 68 676
25 82 1020
55 38 737
78 16 9
28 81 628
12 53 431
36 27 795
67 76 602
94 53 713
65 35 726
67 24 137
27 38 1019
24 55 846
2 89 736
31 69 597
28 23 316
46 37 346
48 61 499
65 44 392
54 87 327
69 57 940
18 82 986
34 58 897
90 28 462
27 88 766
92 11 299
9 71 186
13 19 863
91 22 156
34 59 897
92 63 610
55 22 609
28 93 174
22 10 756
2 52 796
70 41 691
18 48 951
76 78 479
58 30 358
42 13 986
36 69 556
55 36 1023
69 82 228
73 49 645
51 52 776
2 87 154
60 41 427
67 77 1011
86 95 28
49 39 321
29 71 977
12 33 916
56 16 376
80 95 349
23 19 122
63 51 930
40 71 175
32 17 537
94 74 479
7 41 1019
8 32 408
1 85 317
1 41 515
96 65 160
26 84 83
100 36 170
75 30 788
40 52 257
33 69 618
93 95 72
41 86 159
83 90 643
76 42 324
41 98 1021
99 72 111
38 65 774
63 85 394
33 61 956
61 31 828
10 75 96
49 7 671
76 67 681
69 63 994
9 36 916
6 45 73
57 72 734
56 69 281
33 17 227
64 83 591
72 77 5
68 5 1004
17 22 216
30 78 283
53 60 540
94 86 731
30 93 200
59 42 93
71 34 51
79 75 942
88 27 461
99 26 38
67 17 989
46 58 1019
52 86 697
59 68 728
88 21 615
49 63 214
49 89 979
9 88 923
69 43 320
71 6 894
88 95 326
80 58 663
69 15 371
56 91 521
21 82 843
85 71 766
22 6 228
58 14 627
7 4 389
52 88 84
57 13 650
55 95 387
11 12 907
2 9 728
26 58 890
5 2 932
94 19 975
71 2 748
18 84 156
53 83 627
50 53 735
93 2 760
98 39 851
16 15 557
40 73 234
64 27 782
83 34 450
82 91 171
42 7 438
95 95 681
47 36 47
14 13 770
5 8 792
2 51 58
31 10 384
91 94 401
72 88 235
27 37 410
25 94 721
43 1 913
24 44 67
84 16 441
4 80 995
88 4 730
100 47 660
73 6 851
36 87 247
30 38 240
37 75 706
55 85 371
72 5 347
42 62 399
60 28 404
44 53 52
67 26 224
3 92 888
4 87 738
59 89 485
14 36 427
46 89 209
42 5 547
55 9 744
92 30 327
39 91 308
28 25 709
7 99 878
94 65 326
51 100 42
32 73 12
49 17 1019
52 85 161
38 5 683
23 22 129
4 39 288
72 48 32
54 60 721
96 79 779
100 78 891
29 47 799
57 41 788
22 70 151
49 75 178
97 95 106
78 84 79
68 70 153
63 87 633
69 8 588
73 23 36
25 13 148
38 76 85
71 47 893
2 43 656
14 5 516
96 83 802
28 61 829
23 58 268
83 81 398
68 68 652
72 79 892
83 78 918
75 39 347
12 15 818
92 60 908
5 30 319
90 54 663
86 69 360
32 3 796
77 42 606
55 52 17
52 89 288
89 46 42
45 7 673
67 12 510
28 50 931
63 12 266
50 86 615
24 53 423
63 46 931
34 48 687
91 79 381
46 12 385
22 72 87
30 19 1013
6 17 664
59 87 490
1 48 241
21 78 656
59 92 201
6 74 101
10 30 197
85 46 373
66 78 858
59 61 852
23 93 346
55 42 698
100 1 489
85 53 788
6 15 910
91 16 857
75 24 569
21 50 248
4 17 1014
85 62 709
72 10 614
77 78 512
24 71 839
9 33 880
69 95 340
7 41 750
44 100 724
22 53 393
36 32 160
4 75 119
39 4 556
31 17 804
67 14 861
14 25 1019
92 10 283
67 15 958
89 30 347
90 94 192
93 29 760
81 3 860
61 70 354
7 45 822
61 18 352
86 34 402
99 38 105
74 65 652
78 73 20
25 12 982
64 6 828
39 15 152
59 78 124
14 81 842
14 24 784
60 49 905
3 87 952
41 85 701
20 21 763
75 83 698
22 83 493
65 24 521
97 10 51
38 26 187
45 65 383
85 32 787
9 27 600
8 38 108
55 83 474
39 7 282
87 1 482
38 18 685
93 61 735
39 78 262
19 42 324
62 33 478
5 70 679
43 28 45
16 6 137
54 34 724
51 9 576
10 83 248
31 8 640
95 83 503
59 52 35
68 8 212
44 73 22
1 44 801
97 86 120
44 67 686
81 63 93
13 43 855
89 27 197
88 87 783
44 89 563
28 48 673
98 62 50
7 78 588
64 72 556
23 1 801
76 23 614
59 62 834
80 43 796
79 83 414
57 90 571
98 32 116
14 3 953
16 45 501
35 50 363
79 53 548
98 21 282
58 56 835
48 87 807
100 48 98
98 86 259
63 73 956
99 66 645
67 19 328
1 52 675
90 65 532
100 8 427
57 26 157
94 12 562
27 60 195
91 17 729
52 72 915
19 59 256
93 5 254
32 42 142
86 17 243
3 84 334
76 18 347
30 70 537
76 74 848
26 73 671
35 19 287
14 56 185
23 91 878
49 35 388
97 26 830
91 54 415
12 71 117
27 64 298
92 40 469
80 97 472
45 76 547
12 79 895
90 19 892
30 88 537
93 100 995
15 56 462
7 8 355
20 26 60
35 36 355
62 12 922
52 75 829
23 32 493
5 71 642
16 95 737
44 66 438
6 54 842
14 8 852
17 97 50
97 32 18
49 22 198
54 71 930
8 35 517
40 65 331
43 42 863
20 46 680
50 42 634
51 39 985
62 83 103
8 8 292
57 70 382
90 99 683
61 97 687
63 43 1008
50 10 750
41 98 1007
99 82 564
82 3 187
38 19 789
75 26 181
45 94 649
10 39 410
43 31 390
90 99 124
73 64 164
51 51 397
58 27 658
39 57 121
90 14 137
65 51 914
61 13 457
67 50 451
32 46 43
4 48 142
51 18 1002
49 66 967
89 54 353
8 59 25
76 1 396
78 28 437
27 68 962
100 93 585
37 40 493
92 22 566
98 85 98
73 83 985
83 7 340
98 18 44
45 61 895
89 28 375
36 55 918
50 84 693
92 79 593
17 42 195
3 10 736
36 6 484
57 53 364
67 54 1009
10 83 550
95 12 709
35 9 114
18 13 615
30 63 388
49 28 462
97 16 777
41 46 321
33 17 317
46 28 101
69 1 378
12 95 455
59 95 457
69 61 4
63 66 96
67 96 398
62 66 513
32 73 902
34 79 875
60 39 327
89 27 853
30 40 545
32 40 324
2 85 92
88 73 227
53 49 380
37 4 1003
57 7 191
33 76 774
19 56 826
10 88 583
28 66 966
74 93 783
24 81 378
36 91 322
27 19 547
49 39 596
13 8 347
86 54 706
96 32 355
86 37 322
93 24 828
22 66 657
11 16 932
34 13 229
71 78 828
42 59 85
86 37 824
90 14 905
40 90 859
87 81 1014
26 78 100
10 26 12
24 93 98
53 71 272
9 56 411
64 78 402
74 100 645
54 75 447
41 1 460
66 53 741
18 69 246
35 56 333
5 28 138
83 59 944
81 28 416
24 24 259
88 86 893
43 35 1002
48 39 273
73 38 410
32 77 208
82 33 611
3 28 306
45 53 662
17 41 37
93 64 918
65 67 322
20 27 503
53 55 607
8 58 437
32 89 391
9 14 905
74 20 859
49 60 66
67 67 675
34 86 90
95 58 660
70 15 470
54 96 974
97 98 189
95 27 481
48 85 858
48 33 777
33 70 171
100 24 33
24 71 158
26 89 44
60 60 563
52 50 288
85 28 361
90 57 128
49 13 120
3 62 709
22 37 428
37 79 280
22 3 358
76 37 656
16 30 253
41 26 547
4 35 617
45 91 338
31 88 542
74 47 56
54 9 827
80 91 1003
60 38 748
37 12 985
86 60 644
16 59 513
6 66 98
46 78 804
95 87 574
15 87 963
18 11 838
58 47 937
73 53 424
19 21 613
38 38 686
56 54 751
50 70 494
87 19 710
70 18 446
50 66 679
91 26 629
93 10 204
76 74 305
38 55 462
61 31 357
92 54 705
59 64 141
83 66 981
5 1 171
35 49 82
95 16 897
68 38 975
90 32 330
39 9 307
86 60 821
53 21 454
76 70 487
96 84 152
16 92 713
28 81 499
83 29 121
77 84 841
68 14 143
88 10 233
13 40 803
36 35 619
94 11 170
55 64 367
13 93 830
95 31 601
24 68 956
55 68 767
45 8 513
50 95 553
45 67 513
19 33 388
63 98 870
27 50 174
23 56 601
93 26 830
29 9 105
5 97 971
20 12 145
89 33 273
62 67 852
1 82 401
77 41 463
14 78 135
12 42 436
58 1 503
63 82 925
100 52 815
35 19 633
16 43 187
87 88 135
99 38 790
22 26 3
28 91 193
33 39 4
21 67 62
13 77 878
1 98 418
42 54 239
71 56 970
100 59 1010
72 94 332
99 98 945
84 51 418
66 1 224
75 50 481
22 69 473
51 53 872
71 72 345
82 67 647
6 9 58
69 5 426
70 33 175
26 48 669
76 61 264
94 85 982
20 32 577
37 7 310
78 5 318
86 27 924
92 4 588
22 66 833
10 41 785
4 71 345
46 35 714
78 13 898
43 92 893
88 15 921
61 89 571
45 9 972
10 38 2
88 7 696
7 33 864
42 88 1014
86 7 27
44 34 708
59 91 100
85 55 154
65 7 809
14 27 565
67 80 80
91 53 68
80 93 429
93 40 576
80 91 132
42 80 26
91 45 678
100 9 11
11 73 685
15 88 123
55 42 19
69 51 531
83 97 690
62 4 71
34 47 576
23 1 819
67 18 396
26 78 6
85 11 654
9 91 1012
44 55 997
38 87 251
18 92 572
16 60 292
76 41 277
63 72 918
14 89 808
48 58 303
72 8 1009
67 92 97
52 99 682
99 17 291
21 36 528
16 77 184
69 49 681
51 98 711
3 14 1001
23 100 309
91 27 43
23 34 435
5 61 960
20 56 802
67 24 1007
30 15 104
24 73 963
56 38 462
57 16 238
58 45 495
1 87 473
82 87 881
51 97 436
41 22 405
69 85 991
7 38 207
3 75 68
30 27 613
70 83 129
91 24 914
58 25 66
83 61 595
55 94 139
19 38 176
31 12 175
2 57 744
6 65 306
8 31 630
96 52 352
18 34 615
69 93 195
97 20 810
32 15 370
54 64 297
13 92 919
90 14 502
38 80 521
86 65 181
8 13 404
69 22 574
85 46 565
89 23 989
30 31 230
75 57 470
15 90 999
45 33 89
33 69 342
45 2 32
64 27 26
27 72 162
5 38 487
54 45 654
4 29 4
36 57 859
83 81 788
27 61 55
93 21 977
54 49 630
4 100 862
71 44 750
63 58 356
43 51 414
10 6 8
55 36 547
38 90 384
46 96 111
21 97 433
95 39 108
23 27 590
78 31 358
12 80 892
9 89 242
11 44 993
61 79 90
97 10 633
76 9 241
6 91 639
94 97 132
86 99 42
64 10 157
83 95 925
74 61 440
35 56 10
64 90 619
37 95 98
84 89 681
33 70 77
79 91 267
56 69 355
4 22 811
43 100 932
44 15 322
51 16 883
34 37 650
14 58 168
73 53 281
92 45 358
65 20 591
70 38 491
19 65 690
89 36 613
100 30 488
17 6 124
2 20 747
11 81 698
36 96 568
55 64 706
44 80 267
18 75 107
7 42 319
23 29 438
54 49 452
23 1 115
79 76 825
18 94 686
77 70 228
39 6 849
28 79 96
2 31 38
97 50 236
16 84 988
50 9 690
5 3 680
79 1 651
47 35 703
42 52 969
31 53 64
72 69 580
88 88 194
9 31 602
12 81 480
70 57 677
4 11 510
48 56 319
35 46 46
99 4 352
59 42 45
31 41 585
75 79 583
29 29 147
48 23 335
27 21 259
4 72 688
79 83 101
66 74 825
51 5 297
9 2 31
95 53 35
33 55 445
87 7 604
73 30 145
35 30 649
51 89 609
19 61 121
17 23 571
92 68 989
25 26 61
27 56 712
17 90 308
10 89 903
78 66 832
4 76 851
45 13 836
98 89 242
83 17 440
63 73 213
28 63 800
5 75 27
93 81 737
83 7 237
57 55 728
90 29 314
54 87 614
59 33 406
61 72 684
35 83 321
65 93 13
41 84 29
1 8 856
31 36 7
4 4 70
42 41 433
14 16 421
23 65 500
95 39 732
39 5 390
99 34 51
77 95 463
15 66 583
23 63 436
48 73 547
44 100 46
25 29 678
70 99 421
4 63 332
74 60 706
22 41 187
63 9 658
89 53 812
71 53 70
63 55 894
21 17 667
28 53 304
99 13 636
14 48 447
79 35 199
43 74 309
37 16 568
70 38 735
53 42 592
48 79 817
84 79 193
18 75 803
59 21 808
44 42 56
95 88 324
20 41 561
29 47 616
94 38 1019
96 81 518
58 3 57
87 86 105
93 4 341
33 44 453
83 87 492
15 65 152
91 99 26
90 44 863
5 91 925
84 8 602
77 51 178
34 68 713
2 35 620
69 29 915
53 29 510
20 27 70
55 66 997
53 67 123
41 31 643
99 38 104
76 42 303
25 66 613
7 26 891
33 32 577
12 81 842
98 41 667
76 36 683
48 12 981
25 38 319
8 49 936
90 8 786
70 51 724
61 66 679
3 25 879
51 22 106
85 95 784
86 72 491
80 78 209
38 15 145
60 70 323
91 84 526
39 69 258
67 57 725
99 46 525
98 27 740
86 19 627
36 57 444
41 58 538
4 69 806
48 81 440
33 13 204
57 41 197
61 44 875
41 2 775
48 20 794
69 57 438
7 78 395
89 41 394
97 26 437
28 80 174
70 77 43
52 89 33
63 71 970
96 36 73
19 1 1023
22 52 123
71 12 983
84 25 98
28 52 705
92 94 374
13 90 47
74 57 141
77 10 695
2 73 618
51 13 164
14 90 854
53 86 1015
59 28 547
97 60 808
10 98 709
53 61 212
79 64 207
17 4 933
96 50 819
97 87 862
96 22 423
45 33 648
7 40 719
63 53 390
15 33 51
15 74 660
38 21 1006
57 94 988
53 19 302
47 98 635
65 91 486
75 62 803
33 42 1017
91 68 789
73 40 121
41 26 947
43 83 881
70 9 536
79 64 3
85 76 1015
87 32 807
95 8 203
14 94 18
77 99 516
49 12 4
8 53 133
79 22 564
90 29 465
62 83 35
26 71 32
74 3 217
28 76 29
2 95 711
45 24 236
52 93 619
23 53 743
92 87 718
55 35 930
63 9 714
5 22 124
4 47 270
57 55 734
74 99 399
14 9 991
95 32 939
58 34 659
98 11 896
35 89 255
2 13 767
31 75 183
79 66 620
29 69 774
9 98 118
13 75 200
19 43 616
28 72 503
62 67 9
9 6 773
11 19 793
81 75 620
71 42 576
65 77 280
60 91 20
52 26 862
29 48 656
91 36 833
61 3 357
83 92 282
95 24 205
89 44 801
78 56 713
66 44 999
77 41 68
31 82 449
64 20 491
40 44 732
53 24 134
75 68 104
40 77 263
11 79 329
52 81 947
47 37 786
21 65 462
92 82 969
71 49 973
77 83 274
20 61 204
35 18 176
87 52 131
81 90 945
58 25 840
70 98 748
99 63 447
94 97 141
86 77 67
81 39 418
89 54 579
13 47 833
52 74 206
78 60 219
26 58 318
95 64 938
52 81 480
34 64 227
80 13 56
10 24 958
44 26 934
34 73 169
32 70 891
1 87 258
19 93 327
4 77 492
34 59