50 10000
45 2 204
1 34 458
2 48 412
44 1 517
29 30 99
27 2 189
40 3 838
6 19 1004
28 2 426
31 26 492
29 28 140
25 39 822
4 13 806
21 10 814
44 12 384
6 18 126
45 38 654
2 6 919
32 29 312
41 21 667
42 38 937
46 21 564
11 47 838
42 21 140
12 36 513
38 10 429
28 18 275
38 15 496
38 33 641
6 41 167
42 39 371
46 1 594
8 41 765
25 41 327
45 35 856
46 18 629
47 25 918
25 39 688
25 29 157
12 49 612
9 27 893
32 4 586
42 38 155
4 27 647
26 40 557
10 13 266
9 42 785
44 43 56
45 18 519
12 8 791
22 49 918
34 26 78
24 37 137
27 20 766
35 25 645
47 22 765
44 27 348
29 47 391
17 43 316
34 35 524
12 8 524
10 42 173
6 46 572
24 17 550
43 19 668
30 40 179
39 46 482
48 28 711
14 35 715
30 6 811
39 17 345
17 17 637
9 49 326
2 7 442
27 26 542
36 50 609
27 23 876
28 28 55
33 13 318
41 21 859
8 39 665
6 20 594
11 37 55
50 14 992
41 17 479
11 1 388
22 37 435
19 17 432
3 3 805
29 7 206
13 47 950
7 34 693
40 10 808
22 25 998
27 34 594
21 14 529
7 22 686
47 19 404
8 11 167
47 32 345
2 22 24
47 24 438
50 8 517
29 5 839
45 34 1008
18 16 945
2 14 944
22 12 665
5 33 975
24 41 18
18 12 5
21 34 490
24 29 225
29 25 7
46 22 621
5 20 400
13 27 600
15 24 35
18 22 630
19 3 3
10 26 182
28 18 406
37 36 943
31 39 914
18 3 413
39 10 473
16 46 912
6 48 436
40 19 26
20 1 715
45 13 352
38 49 500
14 37 420
28 15 152
29 18 721
34 28 645
12 11 258
40 1 173
39 2 142
3 42 730
18 20 252
27 20 344
13 48 382
14 20 53
6 30 119
12 20 892
49 7 363
35 10 864
47 14 490
16 12 153
5 34 852
29 23 408
36 18 318
1 49 94
3 15 108
7 45 612
31 34 750
20 46 29
33 43 710
20 36 749
15 40 115
16 29 281
49 41 21
26 43 769
8 13 404
28 7 297
8 42 625
36 7 620
42 48 577
31 17 747
20 31 869
40 37 690
49 10 658
33 29 974
20 29 971
21 46 232
25 43 692
16 45 579
5 33 954
33 41 423
41 32 1016
36 10 767
12 23 767
41 4 346
16 22 705
20 15 372
17 27 714
18 23 199
22 13 598
16 49 416
35 23 32
18 42 86
22 35 502
8 33 85
17 19 715
29 25 99
24 27 275
17 40 737
9 21 574
20 34 419
28 17 922
19 46 68
19 23 820
4 42 603
27 41 40
31 48 762
5 47 112
28 19 339
30 27 639
10 33 999
19 26 464
34 15 780
16 19 4
20 32 412
9 30 1011
26 41 481
34 23 412
49 12 627
9 41 526
49 14 351
21 4 597
4 15 283
21 5 93
29 3 377
45 14 415
46 49 9
24 3 343
45 21 246
42 5 287
32 17 594
1 2 829
10 40 1001
50 32 335
32 8 339
28 27 295
40 6 156
32 38 136
34 47 556
16 15 337
8 4 323
44 45 176
29 1 759
37 32 825
5 25 367
38 47 298
46 45 412
5 49 951
10 11 995
24 39 486
27 21 355
46 35 756
44 15 655
47 31 681
1 37 711
37 6 826
50 29 51
45 39 7
16 43 526
28 7 524
19 4 539
18 48 16
48 15 881
27 25 344
48 4 257
2 9 434
46 30 99
3 35 214
4 49 1010
22 24 285
20 46 579
28 28 948
25 43 1015
36 2 554
26 14 725
1 9 946
40 4 100
49 25 16
6 39 1012
35 31 563
1 44 179
24 17 462
33 15 672
42 33 876
44 45 678
32 14 810
41 29 571
38 13 412
13 14 244
37 27 41
17 31 482
34 27 488
29 45 961
7 12 765
23 10 940
18 5 995
10 45 888
40 25 330
8 48 141
25 28 120
26 50 325
29 39 537
46 6 696
5 36 122
4 14 165
5 24 886
9 34 458
39 15 73
6 44 792
7 29 306
35 34 647
1 2 1019
31 47 296
33 18 464
30 3 339
10 26 130
30 19 674
6 14 406
29 33 501
48 37 137
21 1 110
23 30 211
9 39 946
38 7 498
31 42 685
16 10 659
27 12 181
26 48 618
42 37 199
12 48 184
24 13 109
23 45 103
28 1 11
11 16 111
30 40 29
25 29 491
30 39 463
40 23 530
27 10 103
28 27 401
48 46 308
12 44 495
20 30 46
22 3 375
2 17 235
17 2 940
48 26 925
1 33 817
15 3 249
27 45 42
24 21 367
33 39 920
21 18 461
10 42 153
10 27 349
45 22 554
7 34 781
47 42 362
2 42 251
40 41 615
44 43 786
6 42 784
24 15 923
46 37 912
37 41 376
50 10 87
5 2 443
17 45 692
24 16 156
22 12 42
9 13 223
38 11 890
38 24 523
22 17 248
47 29 318
19 50 582
48 27 939
4 41 724
28 45 863
24 4 458
34 44 149
37 9 484
46 38 856
49 27 242
47 10 438
2 28 461
31 30 331
43 42 132
20 4 686
20 29 370
33 29 538
10 14 596
20 49 284
43 15 515
31 33 287
24 18 366
14 28 520
23 17 231
49 12 862
2 5 767
45 6 796
40 44 108
41 31 1001
43 31 183
34 11 593
27 5 561
37 16 572
14 11 1011
38 6 381
45 24 53
31 42 582
25 1 780
5 36 387
29 43 70
16 2 575
20 22 527
30 43 827
31 2 215
22 40 562
44 49 284
33 31 646
2 6 269
17 23 331
36 7 110
7 1 240
1 32 275
9 13 255
41 32 243
2 43 605
42 8 634
7 30 961
45 27 66
29 34 292
26 6 851
3 27 919
1 7 264
37 26 198
6 37 219
14 10 98
12 44 199
26 44 445
33 47 592
49 38 936
5 44 765
37 13 159
20 40 332
5 17 830
14 29 351
2 50 285
4 25 3
50 40 790
2 39 907
27 28 626
38 50 865
12 11 12
8 19 985
9 15 854
33 47 595
3 44 966
28 3 229
39 41 206
10 21 326
25 36 47
35 9 595
7 2 997
22 47 933
30 45 498
8 23 194
43 21 57
35 21 815
24 6 450
45 29 100
2 29 106
25 6 826
25 31 114
35 10 128
11 48 370
16 44 781
45 13 975
20 27 746
46 3 631
13 12 819
21 44 19
42 3 58
8 25 148
49 23 794
11 46 307
23 31 521
47 25 60
19 37 289
9 39 707
48 10 309
43 22 35
20 39 427
21 43 779
23 9 885
18 14 387
1 10 735
39 12 739
9 34 543
32 42 285
46 15 847
29 4 439
8 18 931
48 16 529
41 39 588
1 27 119
22 34 254
40 20 48
9 47 999
4 9 181
44 16 54
15 44 747
7 45 160
1 29 915
43 4 914
21 25 63
34 3 793
19 13 798
43 7 780
31 30 987
20 50 721
21 2 862
39 1 136
20 48 850
6 23 190
14 25 910
5 26 884
44 47 460
28 32 632
24 44 611
29 17 983
37 39 870
2 43 199
31 14 350
3 22 384
10 26 227
30 14 6
47 21 436
50 39 519
50 36 520
26 33 1022
1 9 929
27 21 12
50 13 85
40 39 836
38 27 643
18 28 164
40 44 604
29 37 597
37 1 634
21 29 413
8 18 758
10 31 877
28 38 94
23 12 217
27 44 720
48 48 799
40 13 565
11 8 195
11 21 224
21 13 509
33 44 378
42 34 530
16 45 826
29 20 760
17 46 257
23 20 145
7 16 233
17 15 531
7 22 519
6 35 913
39 46 474
28 19 41
27 46 993
39 44 515
23 8 48
43 43 376
34 5 603
23 31 195
14 22 916
31 22 127
8 25 730
36 26 56
30 37 998
7 45 154
40 4 610
34 6 850
25 11 582
15 7 891
6 2 123
15 25 540
26 4 955
31 44 820
2 26 163
25 4 929
6 23 721
1 18 236
39 39 144
16 4 289
9 20 765
3 9 1006
20 18 412
1 40 530
29 1 348
11 22 886
6 30 768
9 24 473
20 30 631
30 38 994
24 28 615
20 3 752
44 45 33
4 31 887
11 49 742
49 9 537
34 24 990
23 39 216
38 27 932
20 25 221
9 13 249
36 14 955
30 30 255
50 31 45
10 20 242
43 48 573
7 20 374
40 6 43
14 42 547
25 19 376
19 37 216
36 46 550
10 47 53
2 38 993
40 38 30
16 38 631
9 8 96
4 16 634
48 8 605
14 25 471
12 19 149
33 16 861
43 17 637
15 27 730
12 28 510
26 20 705
13 15 785
28 24 963
21 8 597
34 14 730
50 39 728
43 2 472
11 42 529
17 14 623
25 7 479
16 19 119
20 25 535
7 16 323
35 47 433
28 5 60
13 2 694
37 3 445
23 32 158
45 8 192
6 41 270
43 6 335
25 37 637
37 14 821
37 8 203
20 27 694
14 5 247
45 8 717
35 39 716
12 15 497
48 20 782
39 36 114
19 40 975
6 5 535
40 39 185
19 4 87
4 24 648
50 48 550
3 6 400
35 34 467
13 12 327
19 5 345
24 3 56
28 15 890
19 4 453
48 9 920
50 17 974
16 31 531
41 48 471
2 32 436
35 28 412
8 36 563
44 23 751
37 31 9
23 7 391
2 36 228
36 17 135
27 47 75
33 7 982
37 38 997
24 42 906
7 16 633
17 35 879
11 30 511
9 13 646
43 6 79
43 45 353
35 44 1
33 2 927
19 27 884
43 14 363
22 45 466
20 16 292
43 49 871
9 47 758
49 29 4
5 7 821
10 45 352
38 24 383
44 47 481
2 41 412
10 47 515
9 30 537
4 29 554
25 26 850
41 11 200
42 15 415
4 26 589
34 34 411
4 41 484
29 49 777
30 37 169
34 39 629
25 32 310
12 47 289
10 49 279
30 28 343
26 21 527
23 18 696
8 34 261
23 41 873
7 19 376
10 46 522
1 20 860
11 17 676
37 28 666
35 48 611
15 24 771
15 8 494
6 3 817
39 49 166
24 7 390
21 35 640
49 23 739
47 19 284
38 25 930
20 38 757
14 22 559
49 9 413
15 2 692
38 16 76
23 22 654
22 50 287
50 39 779
7 44 457
35 7 938
19 44 558
16 29 863
19 5 484
7 35 725
16 8 27
19 9 556
16 31 746
33 30 195
46 7 1014
7 6 975
22 39 661
29 16 522
25 17 553
15 2 270
16 14 534
48 43 922
26 31 394
26 34 542
1 47 880
15 40 972
27 49 850
23 37 571
35 10 322
2 46 677
46 49 125
30 50 705
36 3 477
23 39 36
49 15 307
35 40 480
2 37 821
14 45 589
26 2 261
42 9 962
6 14 745
39 34 540
17 45 365
44 40 898
40 4 306
46 43 886
19 15 1019
49 25 72
48 40 153
3 49 754
1 9 56
33 32 308
10 45 241
40 2 326
15 10 313
14 24 144
12 45 704
38 3 538
40 17 974
16 42 628
33 23 180
50 3 447
49 12 231
38 13 137
26 48 629
23 10 982
37 9 783
20 18 638
13 41 699
4 30 217
48 11 946
23 14 410
9 22 195
23 19 921
2 48 925
44 24 628
19 3 453
12 3 956
16 26 577
20 36 283
17 50 538
46 22 996
7 42 116
29 33 172
40 37 709
26 46 266
15 13 243
47 7 28
3 2 479
11 44 369
44 36 857
16 15 466
29 24 16
3 45 961
43 32 659
3 20 635
14 46 730
24 33 957
31 38 986
38 14 226
14 17 602
40 26 546
18 32 324
26 45 234
31 33 724
38 44 71
39 14 724
6 46 4
35 28 293
5 38 722
36 7 333
23 30 42
28 11 595
14 46 709
7 15 50
49 46 88
31 21 391
38 7 122
21 12 497
31 3 52
21 23 430
43 8 848
39 25 795
45 21 569
39 38 326
50 39 188
31 21 74
39 10 831
11 38 455
28 25 389
24 43 699
25 33 648
25 4 175
19 26 842
8 35 244
18 15 859
48 44 679
41 35 170
18 12 374
6 49 696
43 28 214
20 36 727
23 28 732
24 7 107
48 30 811
20 22 206
2 12 477
2 42 248
45 10 620
35 29 194
22 44 659
31 10 681
26 1 561
28 28 606
4 16 299
41 18 59
38 11 632
42 5 455
22 14 182
14 47 348
25 23 133
1 44 421
49 27 368
2 28 1017
17 29 151
36 44 199
8 47 746
32 22 896
39 12 793
11 39 287
3 42 820
34 31 347
36 7 560
9 49 887
14 43 91
16 12 448
24 40 596
4 29 206
41 18 470
37 41 652
31 48 410
46 41 723
22 3 940
38 12 638
50 33 86
33 14 481
19 27 14
15 20 376
43 29 493
16 12 1019
50 7 209
15 18 649
33 10 687
33 29 250
38 13 410
19 29 464
4 1 801
33 10 783
14 8 655
28 39 27
27 14 903
15 3 35
38 49 556
12 30 958
26 4 670
32 42 501
34 6 646
39 33 457
35 13 695
32 6 490
40 1 488
32 32 698
24 26 366
34 10 239
6 13 328
16 46 849
7 48 845
32 1 501
18 46 392
41 9 212
11 9 577
44 10 646
40 1 525
11 29 339
6 20 302
41 2 280
34 28 735
32 19 502
13 38 535
13 44 531
21 42 596
43 25 122
20 7 37
13 16 812
31 29 494
41 21 322
47 39 52
36 49 497
8 2 38
9 34 30
38 34 761
48 24 723
36 5 938
43 16 348
41 4 670
26 42 468
12 45 560
24 29 536
28 13 783
26 32 730
8 23 519
43 40 770
1 10 77
37 4 272
42 44 840
23 34 390
8 4 787
32 25 20
7 15 690
27 36 1005
39 21 755
39 48 213
45 8 110
10 13 223
23 5 949
32 35 902
38 7 196
16 4 713
20 11 874
11 21 475
40 29 475
43 21 887
13 30 461
24 14 463
27 28 132
42 1 466
36 26 97
47 40 726
21 7 683
38 46 98
11 32 599
22 19 634
13 13 427
50 27 484
44 18 902
13 33 425
18 50 621
13 18 83
16 33 229
49 2 953
5 5 729
47 6 551
29 29 152
19 47 920
38 24 899
33 8 243
35 47 110
1 34 715
49 40 237
8 20 827
46 5 273
35 21 143
28 37 511
5 29 722
17 9 770
27 3 112
40 32 579
12 46 764
10 8 641
41 16 284
4 34 325
9 21 632
2 5 832
50 37 273
49 31 503
37 43 1007
22 6 384
36 44 338
26 3 188
44 15 197
31 24 975
30 1 489
6 15 419
13 17 621
19 17 720
8 46 153
34 22 567
23 20 922
43 48 687
20 12 525
14 2 555
18 2 76
42 12 422
49 29 484
48 4 740
49 14 217
38 50 367
3 29 591
12 45 164
32 14 1019
10 22 39
7 29 183
33 9 544
13 21 214
17 18 940
48 40 994
50 47 824
16 47 559
32 17 307
50 28 577
18 6 574
18 32 175
42 42 280
9 26 758
11 32 781
42 31 818
2 1 222
6 50 92
34 16 40
23 23 806
11 32 214
28 42 858
7 17 880
4 15 702
3 16 995
21 21 767
46 37 767
19 27 439
7 1 356
7 49 1016
24 19 186
43 3 841
48 5 287
49 36 887
32 5 726
45 38 844
48 35 179
39 50 471
1 29 377
19 45 497
34 29 219
12 18 974
18 3 191
27 38 147
50 45 5
15 24 39
43 26 916
31 41 994
40 45 341
7 33 29
25 12 393
38 47 199
4 14 733
24 16 29
34 18 223
29 29 806
24 39 698
21 19 492
14 41 756
31 15 277
16 14 376
38 27 763
5 8 473
19 40 85
35 45 355
4 13 606
33 31 306
22 43 24
2 1 976
49 12 841
46 43 1016
29 1 392
10 30 554
36 22 233
47 30 472
3 46 299
30 11 617
27 46 190
49 5 590
14 31 946
18 29 709
49 19 483
29 17 671
41 2 925
14 22 795
12 25 121
18 19 592
26 45 347
3 45 1018
47 17 665
43 35 393
34 34 986
26 38 697
28 12 388
5 17 786
3 38 306
21 8 667
24 42 595
6 37 32
10 34 598
16 13 826
13 36 303
9 9 837
28 39 910
42 14 302
11 44 273
18 34 933
7 16 57
6 11 127
22 37 563
10 36 78
35 30 173
14 7 644
22 31 253
28 11 997
31 20 461
32 35 613
10 13 689
49 50 668
6 35 467
31 36 689
50 7 385
30 44 958
3 47 784
37 26 394
31 50 643
21 15 360
37 17 974
27 14 293
40 11 61
24 43 47
3 46 353
2 41 742
11 7 27
17 8 449
41 18 585
17 6 102
32 33 755
48 28 999
3 23 774
19 31 348
33 5 519
11 34 722
30 39 613
21 23 977
33 26 792
29 48 746
2 43 858
30 22 288
4 24 810
46 43 153
28 42 711
2 30 865
6 5 301
21 34 163
41 36 781
39 18 932
9 7 818
43 45 451
49 14 23
23 44 697
46 20 848
4 20 815
39 35 411
16 3 899
49 26 914
29 31 555
20 33 886
45 32 684
43 20 44
37 23 697
19 23 248
15 43 972
26 16 830
10 13 748
40 38 792
49 26 86
45 25 127
49 10 208
48 9 6
37 4 654
40 32 795
44 27 61
26 39 605
38 20 991
8 13 859
32 19 318
25 35 50
19 6 380
7 13 372
9 50 201
49 37 496
35 27 142
41 49 381
42 50 695
36 1 365
29 31 607
45 12 984
38 43 286
3 47 470
3 31 641
43 38 82
43 38 117
45 10 133
38 44 687
23 50 936
5 43 367
35 40 424
18 34 447
33 12 776
47 22 832
32 8 565
9 21 243
12 50 826
26 7 301
13 41 888
26 27 225
9 41 433
5 11 56
11 11 1016
31 19 628
44 21 194
30 9 868
3 14 854
49 39 984
36 36 586
6 29 16
40 14 914
2 41 667
16 14 318
27 15 704
1 5 536
49 49 737
21 10 202
35 19 858
37 24 732
15 17 298
43 1 936
45 24 789
19 44 128
8 26 28
45 45 230
12 23 793
4 11 128
34 27 102
30 35 899
7 37 149
25 33 495
3 18 7
30 6 523
17 6 489
48 27 260
25 2 496
37 17 543
50 3 616
10 4 590
28 18 700
28 15 55
7 1 401
8 36 442
14 45 874
1 17 11
40 2 567
34 20 636
13 39 544
36 50 306
17 29 684
30 48 163
32 2 875
39 32 725
46 35 563
43 42 906
33 48 366
10 48 625
6 37 876
17 40 887
2 41 239
13 12 653
39 33 239
44 9 632
23 19 893
5 27 375
3 14 674
18 41 647
19 11 572
32 17 242
22 23 589
11 47 447
37 46 642
21 45 283
2 18 880
6 17 733
45 4 549
1 35 361
9 15 401
46 43 970
1 32 104
40 49 759
21 30 239
17 30 178
42 46 502
10 18 213
25 29 400
3 45 906
16 18 366
29 34 402
35 17 612
5 14 862
1 41 992
32 41 717
11 34 39
19 26 1010
7 41 900
26 43 385
16 35 346
34 14 735
16 13 190
47 50 724
34 12 897
9 26 669
25 50 721
50 44 918
46 32 427
50 36 893
43 13 290
23 44 520
5 14 1019
14 26 596
46 48 338
40 41 1014
9 26 120
20 36 107
33 25 704
23 44 323
17 1 891
11 17 916
29 18 741
39 34 901
29 22 181
43 48 823
4 22 767
2 19 246
13 22 114
26 41 648
17 46 453
10 32 450
15 28 385
44 1 324
21 2 883
15 17 493
3 32 358
40 15 908
41 44 926
8 28 986
41 44 900
46 30 961
16 46 253
48 34 542
29 45 20
26 18 769
21 46 889
40 12 611
32 6 936
8 2 972
13 45 373
10 40 27
38 39 345
26 9 291
41 15 587
28 42 935
39 31 707
10 2 199
15 12 389
26 45 195
38 15 834
7 37 695
1 50 13
17 23 269
11 39 289
49 41 749
50 37 301
24 50 905
48 47 990
32 9 717
40 38 796
20 14 252
47 35 161
1 6 555
31 26 717
14 29 946
28 34 920
23 27 217
25 43 601
21 47 749
48 47 153
46 8 311
3 4 352
46 17 184
33 13 933
13 50 274
18 11 300
36 47 903
25 42 450
9 39 546
22 27 522
19 39 492
5 50 964
25 17 296
17 41 552
45 47 864
37 15 202
28 35 161
50 45 963
29 25 690
10 3 810
16 37 848
27 12 905
31 38 668
42 26 722
18 14 625
49 20 725
19 45 536
39 20 827
15 12 869
38 50 659
4 46 285
39 45 600
23 7 205
45 50 511
12 47 298
9 44 255
4 45 251
21 42 594
23 1 588
48 19 166
22 8 613
2 3 586
24 23 747
48 36 398
1 45 459
20 34 938
16 35 576
2 6 495
42 46 702
38 15 792
42 26 375
26 14 775
12 4 130
7 26 377
17 10 390
22 29 173
12 2 673
37 42 435
50 14 13
6 5 702
36 28 683
46 21 806
17 33 928
42 34 946
5 2 381
42 45 616
35 3 331
25 13 229
33 35 211
7 12 390
32 29 812
34 46 954
3 23 94
24 2 813
1 24 682
12 9 630
12 3 925
33 20 435
38 16 882
30 31 736
19 35 415
48 4 868
3 14 385
14 31 744
32 10 477
14 41 528
17 9 643
29 50 746
21 41 333
20 10 439
30 47 477
29 36 916
33 15 577
25 1 636
26 26 6
24 42 891
5 18 922
26 6 853
30 21 1013
33 4 368
28 22 508
23 7 802
5 7 581
42 1 664
45 24 599
22 8 527
8 38 980
16 41 431
7 19 457
41 31 417
29 9 524
44 49 777
38 26 954
20 39 747
20 34 342
24 38 759
35 49 667
33 39 288
44 32 181
29 27 639
41 44 286
4 31 948
28 39 744
14 7 360
36 1 135
37 17 247
43 35 64
16 26 422
44 38 73
16 17 855
18 20 731
6 11 838
37 30 653
43 49 320
30 38 111
36 35 178
17 33 21
19 44 520
15 3 520
13 34 703
25 13 530
50 34 359
24 32 538
39 8 875
23 7 307
44 31 962
21 9 918
1 31 176
31 23 361
8 13 712
10 37 790
4 29 342
41 20 331
26 28 609
50 20 129
2 44 462
29 19 125
39 44 866
1 7 687
1 11 1021
36 34 415
23 24 230
7 29 60
42 37 487
6 16 499
35 32 326
15 35 538
2 47 299
37 50 338
30 50 696
41 33 952
2 49 317
40 48 810
7 9 131
18 33 82
14 34 120
6 18 312
41 48 822
31 45 666
29 34 589
40 32 931
47 36 364
7 48 720
14 4 331
14 32 261
3 7 705
27 23 376
47 42 397
38 20 549
19 32 860
48 26 543
35 29 278
44 17 810
24 3 560
18 45 124
16 14 93
22 6 657
5 15 676
19 19 509
22 12 479
24 15 7
20 46 527
13 35 116
12 31 55
47 28 814
48 15 592
30 45 223
37 39 509
26 26 219
18 50 743
15 10 594
11 23 240
6 31 190
5 27 76
29 11 959
37 46 53
12 29 327
30 36 321
6 3 476
21 19 746
9 25 608
26 39 486
27 38 16
17 1 83
45 21 206
13 26 640
8 14 842
26 22 800
12 41 81
7 1 496
3 29 55
1 49 38
33 40 336
35 33 993
48 49 73
5 44 995
11 31 411
6 27 787
38 48 365
7 13 574
14 47 708
44 21 919
38 45 490
34 32 837
47 35 913
9 35 116
39 9 314
44 21 63
43 7 624
31 10 131
19 1 491
6 14 127
50 21 851
43 43 164
25 38 625
46 49 520
38 34 54
6 15 518
14 8 715
7 37 105
4 38 835
45 35 971
12 39 939
18 3 129
12 13 790
39 31 353
48 16 584
13 19 743
7 26 346
41 50 515
8 13 566
41 10 134
7 35 307
13 3 409
36 47 631
34 29 286
45 1 895
49 26 206
4 50 391
40 48 36
25 21 732
25 24 683
31 50 991
41 13 138
45 31 221
20 21 685
46 13 590
18 13 207
14 44 230
34 29 36
7 18 341
1 42 844
15 14 695
37 27 755
30 12 1007
23 29 598
33 16 300
17 38 259
48 43 762
30 5 917
20 40 686
47 49 34
36 38 56
50 45 904
38 39 877
29 29 37
19 26 495
48 14 521
19 33 627
37 40 747
49 36 1022
50 39 12
10 4 324
23 36 407
3 9 738
46 38 361
46 37 910
12 41 596
42 50 23
19 50 169
29 21 21
48 49 499
24 13 981
25 31 611
16 35 770
29 36 883
37 40 369
19 48 744
47 28 398
3 17 546
30 45 389
28 37 128
4 20 377
41 29 32
47 26 961
35 22 254
44 6 684
7 50 168
14 37 363
3 43 66
30 22 38
43 49 956
21 10 289
6 9 72
43 35 823
44 2 438
45 16 730
42 11 625
2 6 746
2 27 439
13 33 759
25 34 856
19 14 790
46 50 669
11 38 167
15 9 472
14 41 987
8 12 803
22 32 630
39 30 74
45 45 483
6 48 355
6 21 432
5 7 104
19 32 755
26 22 985
26 50 327
19 42 178
17 7 605
27 46 565
37 43 881
50 22 221
41 46 629
39 26 16
14 31 354
46 41 504
34 39 138
40 33 345
17 42 208
3 19 973
34 6 638
17 34 926
24 8 168
5 20 339
4 44 234
11 5 694
43 37 866
24 7 204
24 23 471
22 22 457
20 12 83
20 8 260
22 40 572
12 29 221
29 5 164
14 41 366
16 25 73
41 26 160
33 11 467
4 15 779
34 46 921
13 38 971
33 3 357
5 7 869
12 42 1003
28 12 992
3 23 886
47 26 160
26 9 72
32 5 126
19 16 620
20 29 205
42 15 998
49 11 646
38 16 37
25 5 98
30 50 571
30 39 427
42 16 731
18 27 689
43 15 429
32 10 267
13 17 76
36 11 593
13 3 895
9 50 845
18 40 950
39 2 623
41 18 965
12 32 191
40 1 857
47 41 923
27 9 813
41 20 540
24 49 1002
29 42 283
45 12 876
8 18 872
29 16 320
38 30 300
30 15 383
37 19 116
26 40 131
45 46 827
11 26 146
42 46 235
6 17 19
46 38 420
29 22 903
34 42 602
14 7 550
5 25 227
25 3 227
12 41 883
10 32 986
14 19 943
46 15 357
9 40 3
20 37 549
41 31 472
15 49 317
3 27 321
16 34 941
18 37 420
28 29 395
50 12 605
19 34 473
24 33 848
22 12 161
1 17 983
29 43 213
25 41 429
25 17 225
4 35 683
37 45 859
35 47 545
13 6 331
45 24 689
47 9 686
27 26 491
30 23 54
36 20 135
46 25 796
45 3 871
28 26 1022
36 6 638
19 4 409
46 33 722
38 22 295
24 2 401
28 30 443
50 22 954
29 29 596
15 37 904
13 4 882
1 11 759
21 33 532
46 14 775
48 41 794
48 16 991
27 49 870
22 20 951
3 19 290
11 10 629
25 17 165
12 35 296
39 31 985
18 27 156
5 39 1008
34 16 516
21 41 1012
26 19 870
42 35 768
7 16 277
21 37 865
11 28 215
4 9 717
38 36 113
34 50 800
8 40 507
33 10 857
24 26 91
46 3 252
9 10 265
38 13 646
38 40 378
33 32 349
7 4 104
21 21 260
36 41 794
28 37 73
35 15 496
36 13 200
49 10 653
37 44 511
25 22 333
24 5 452
4 7 631
21 5 210
35 31 269
40 15 948
5 20 263
14 3 449
27 41 32
24 41 333
43 15 394
48 18 964
32 5 778
34 31 16
38 31 28
14 49 515
40 3 419
12 48 104
12 5 606
12 16 557
24 21 634
20 2 724
14 16 778
32 32 715
25 17 817
45 45 393
9 2 874
36 30 169
5 28 944
19 12 360
3 46 866
47 33 169
15 21 325
14 40 98
30 34 113
18 32 878
50 26 623
43 49 3
8 48 833
49 23 174
35 5 256
17 5 453
11 29 31
49 28 525
47 46 166
24 37 965
32 36 408
20 8 65
16 50 80
31 25 169
21 1 222
30 41 477
32 19 588
1 7 344
23 14 670
15 9 82
10 2 517
2 33 785
29 25 1013
14 2 979
36 44 277
20 49 426
47 18 140
7 31 119
2 24 350
22 38 979
8 38 641
49 40 183
22 38 186
17 25 309
14 13 836
27 30 239
25 29 202
45 43 182
1 5 350
21 50 267
43 37 941
24 18 520
41 2 836
19 43 20
6 12 659
38 47 383
9 4 674
26 4 865
1 9 581
28 27 684
42 41 539
4 15 261
12 14 603
38 18 164
13 48 960
33 25 684
40 5 656
33 41 702
11 10 377
14 20 729
38 38 166
47 9 686
23 49 722
35 41 489
11 19 423
12 32 882
4 50 361
16 36 445
21 49 39
34 29 969
15 44 902
49 46 86
37 23 940
48 14 467
10 8 336
45 41 901
46 27 854
40 10 969
34 19 601
48 42 551
17 48 447
37 43 126
33 47 131
22 33 776
17 49 181
43 17 540
43 19 215
2 38 121
42 47 412
15 22 821
39 11 857
26 4 648
44 31 703
47 40 525
25 40 1020
37 30 902
37 31 1004
16 27 927
30 8 64
42 45 603
18 32 942
6 31 314
7 11 548
47 36 934
35 1 822
24 45 57
40 26 964
44 27 980
13 36 652
8 48 320
20 12 640
1 3 67
43 3 534
28 29 72
12 43 474
6 28 310
11 28 494
27 34 792
30 22 660
34 15 613
22 22 296
26 25 255
35 28 7
46 38 475
34 46 111
31 4 302
40 1 505
42 20 103
15 46 696
36 1 580
15 8 618
31 31 164
7 49 985
29 36 913
45 40 1014
20 14 837
41 50 1007
9 47 1009
43 6 365
40 22 846
5 42 689
2 13 796
44 30 753
36 11 817
44 8 900
2 43 136
8 7 199
4 20 773
6 12 791
45 35 590
38 26 91
9 39 464
25 18 237
24 43 710
43 19 139
8 35 131
13 36 555
34 27 475
27 27 342
15 24 599
33 26 971
28 22 316
37 31 176
28 24 866
33 22 804
26 27 223
38 37 403
30 18 269
35 43 848
40 27 709
48 33 785
4 23 24
16 42 80
2 50 105
30 21 42
6 45 474
43 35 282
30 26 809
35 25 460
7 4 35
35 26 474
45 43 187
29 3 959
16 6 556
3 10 554
3 23 9
22 26 780
9 19 633
14 47 916
9 4 912
46 36 848
43 18 57
7 42 390
1 32 812
22 27 50
15 12 212
15 32 14
28 16 714
34 11 481
34 6 499
18 6 199
33 17 323
38 45 601
27 25 100
33 28 981
42 2 748
34 12 828
31 42 839
4 10 467
5 43 21
10 17 866
36 14 463
26 26 454
32 17 256
24 46 556
17 28 378
17 40 155
11 28 164
40 40 635
1 11 333
13 16 250
34 30 671
25 45 234
24 1 174
9 35 806
30 19 779
1 16 405
27 16 889
20 17 239
45 38 408
7 36 526
40 28 521
38 7 64
3 25 979
5 41 561
11 9 109
13 12 273
31 11 92
30 43 845
10 39 311
19 44 30
33 11 1012
9 38 529
27 19 93
44 26 572
11 4 815
17 22 846
36 2 190
33 30 151
34 4 793
11 11 647
49 23 473
43 4 1014
30 46 1017
14 9 803
14 45 392
50 22 762
8 45 669
48 26 374
21 41 149
36 38 600
47 49 735
27 3 966
15 44 36
9 15 187
48 20 823
11 29 810
1 41 20
45 50 683
19 25 624
29 37 392
48 46 692
31 8 753
22 5 40
5 12 992
14 43 931
23 40 875
13 24 1002
42 32 1021
30 49 917
9 36 961
9 14 36
1 18 416
10 50 786
39 12 239
28 12 19
26 13 487
47 11 913
18 11 539
32 5 998
26 34 672
37 21 347
10 18 438
8 15 572
41 13 735
35 11 551
34 14 38
27 1 566
25 30 8
39 44 996
2 2 562
3 6 114
32 5 808
3 33 335
22 31 850
44 17 145
19 44 728
1 36 67
14 31 311
14 16 436
4 45 657
30 41 594
9 12 63
32 20 549
12 47 807
37 18 900
1 13 847
16 9 451
1 45 385
42 46 79
35 26 329
32 13 302
14 17 665
18 18 816
44 2 920
27 14 679
43 33 270
9 36 842
25 43 498
17 48 569
12 6 350
43 42 592
16 6 507
4 38 60
49 19 882
17 48 778
29 32 31
38 4 547
28 9 720
19 31 715
45 6 790
30 29 436
46 4 672
17 36 3
45 15 436
9 39 562
37 34 7
5 5 899
48 43 885
14 50 364
9 28 274
16 31 854
36 17 781
9 23 252
45 34 705
4 24 693
9 47 906
47 39 1007
30 10 651
26 45 661
7 50 158
12 10 142
42 33 889
42 42 252
35 49 163
35 26 827
10 22 534
41 44 353
40 33 345
24 31 847
17 45 500
44 11 651
32 15 547
8 3 483
19 26 899
4 16 713
18 16 464
21 30 489
28 4 83
30 33 801
49 22 102
2 35 767
34 21 945
17 13 339
26 47 509
3 20 740
35 12 1007
46 9 865
34 26 668
50 4 113
29 14 973
10 47 284
36 35 587
47 30 391
1 50 734
42 47 117
48 26 884
29 31 920
45 1 455
37 45 132
9 47 182
48 44 397
42 6 883
18 30 640
45 34 395
4 9 666
22 39 749
25 31 334
13 49 270
41 1 529
10 26 415
1 9 460
12 29 855
8 12 970
8 2 391
44 14 1013
47 45 813
48 45 710
21 19 389
46 48 498
16 31 51
26 27 307
46 46 39
4 21 1011
28 50 121
16 50 552
29 10 620
7 23 11
20 42 48
2 44 168
32 39 317
27 36 997
30 23 13
42 29 314
39 13 21
41 15 396
39 3 637
2 31 577
27 40 900
24 22 696
21 34 405
40 42 107
29 43 800
14 38 686
47 50 688
40 28 410
46 16 772
38 6 916
30 10 818
46 26 93
34 32 985
27 8 45
14 25 127
37 4 514
13 2 199
26 13 152
25 39 924
22 40 548
22 41 179
6 5 286
37 47 110
29 31 809
40 2 852
6 33 268
15 31 642
44 17 471
7 11 117
41 16 548
41 48 444
6 24 90
2 13 80
13 39 393
6 11 83
50 26 257
7 34 525
30 49 476
42 16 885
44 47 537
50 1 172
29 17 409
27 28 897
22 8 452
35 30 737
22 46 737
28 8 59
7 6 311
21 10 655
17 18 69
36 14 597
13 27 805
14 15 586
42 28 310
43 8 678
38 43 802
47 2 615
20 4 459
39 46 550
20 11 332
17 11 438
4 42 266
46 19 719
41 24 202
32 13 115
6 15 286
3 42 713
37 17 719
32 16 294
3 33 945
43 32 462
11 44 572
12 15 270
8 21 110
48 43 1014
1 41 388
30 12 256
33 35 1018
29 44 704
22 16 441
39 11 918
34 14 275
50 29 231
42 43 606
36 4 930
4 36 846
8 31 448
2 34 514
28 14 62
23 19 47
47 47 749
33 10 486
12 21 698
35 6 509
39 14 878
15 34 349
24 2 84
37 28 971
4 21 798
16 2 414
3 7 531
10 28 43
42 38 262
34 3 937
24 32 668
33 9 824
49 6 4
10 16 211
16 32 940
26 22 621
40 26 586
34 47 686
5 37 10
26 46 461
14 23 994
21 20 164
26 18 421
45 17 307
12 21 671
42 5 624
39 2 311
14 23 416
34 27 304
50 9 548
4 21 899
1 18 955
18 18 492
45 3 305
41 37 425
13 6 44
32 44 644
28 28 510
9 36 637
17 14 195
40 8 298
19 4 1011
17 22 738
15 6 752
29 16 286
40 23 84
41 33 915
3 45 841
26 30 489
29 21 132
49 37 772
28 39 590
15 43 556
16 14 533
42 10 236
42 10 827
8 13 524
45 34 263
9 2 689
15 28 423
36 15 361
30 21 200
44 21 319
19 42 436
11 17 262
50 26 89
21 6 364
28 34 264
31 43 954
7 14 48
38 39 881
18 23 515
28 11 676
24 43 65
24 11 787
34 4 187
5 32 478
44 1 155
6 30 278
48 2 412
7 23 435
8 9 163
50 24 445
23 22 11
24 40 236
1 28 413
36 49 968
50 30 494
5 21 106
24 1 416
46 16 97
6 49 752
41 17 352
34 45 353
8 48 735
6 43 8
40 11 694
9 30 1002
47 27 97
50 34 456
20 28 121
47 45 628
34 29 219
46 48 594
40 12 560
4 44 632
5 45 589
42 35 36
13 11 822
41 3 1012
1 34 349
40 17 269
23 46 1016
23 12 223
48 6 778
11 39 966
32 26 680
50 13 760
2 1 180
35 12 166
6 3 283
37 44 580
17 24 561
7 28 194
10 6 390
40 33 836
29 6 94
40 5 665
47 47 434
46 19 809
36 27 849
16 32 245
7 36 325
17 30 91
41 22 911
3 49 571
38 15 61
37 7 981
17 50 176
32 48 615
8 8 775
19 3 203
41 11 705
14 18 308
23 41 882
17 7 826
29 40 409
28 35 187
48 23 669
25 31 340
39 19 828
50 31 216
2 31 687
1 19 47
36 26 266
36 23 782
50 37 568
49 38 157
42 16 872
27 23 154
11 7 788
25 6 804
6 38 328
4 36 755
12 42 227
15 34 124
6 49 877
26 27 610
38 25 103
40 17 19
3 37 814
14 19 309
15 43 963
50 49 731
45 27 383
36 6 690
15 17 686
14 7 853
41 21 687
37 1 729
13 36 648
30 10 967
2 32 564
45 43 401
12 20 229
21 42 204
36 49 118
20 15 1
28 22 1022
20 6 92
26 34 55
49 3 961
39 20 706
5 16 49
13 8 28
18 30 994
44 13 830
50 44 556
39 4 341
2 41 854
18 26 663
7 31 879
44 28 998
12 25 313
49 40 242
17 11 449
22 44 282
40 13 553
13 26 201
2 2 849
24 36 766
12 4 690
3 46 563
10 14 916
37 31 705
6 23 693
16 25 862
24 23 20
47 30 976
21 15 737
45 46 157
9 14 161
28 23 5
19 37 480
28 48 213
36 8 941
2 26 955
11 44 760
32 46 656
15 2 887
27 14 226
36 43 595
10 42 717
24 44 729
41 42 654
39 33 512
45 9 14
46 46 657
11 10 426
43 21 207
21 4 984
2 9 664
16 32 153
49 37 596
6 41 139
20 50 566
37 10 774
24 17 956
2 29 813
16 11 749
14 37 464
46 22 397
45 39 270
30 47 805
9 45 904
31 16 161
30 26 318
33 19 659
30 28 592
1 50 187
5 37 556
3 47 457
32 11 985
6 5 373
1 37 168
41 7 224
19 36 30
7 38 324
15 39 646
12 49 714
47 28 401
37 37 614
49 36 136
27 15 45
3 11 149
21 40 434
8 49 310
13 10 115
31 21 437
33 30 215
1 32 287
19 28 626
1 48 794
38 44 780
24 38 389
38 50 591
9 5 201
14 35 48
20 45 723
26 4 454
10 31 263
49 3 965
20 26 99
5 9 448
1 11 378
19 33 896
36 21 977
43 32 574
18 5 838
38 42 935
21 24 979
40 12 999
3 43 833
13 2 592
9 17 162
19 32 496
24 20 214
48 42 62
34 18 598
19 46 360
38 8 614
8 35 228
1 42 311
39 30 626
11 1 166
23 42 146
15 17 978
13 14 253
48 46 229
14 17 854
8 49 317
38 49 993
19 32 699
16 10 99
10 13 674
30 20 362
11 50 392
35 45 822
15 36 529
30 24 475
50 12 627
15 14 899
16 14 953
37 10 785
20 39 110
23 1 269
27 2 170
9 31 760
14 27 586
21 27 766
10 50 251
41 42 995
35 27 805
9 4 144
22 34 301
11 4 215
8 34 47
41 11 511
38 44 409
50 3 141
44 28 744
25 44 620
16 47 319
35 35 455
40 11 690
50 15 502
37 16 52
8 8 831
36 13 927
9 25 635
11 47 922
27 14 462
18 18 79
50 43 855
9 10 745
42 12 755
45 27 489
25 3 558
33 45 786
49 50 419
35 44 761
13 1 896
19 40 22
40 23 892
19 1 950
37 29 77
37 48 584
41 47 748
42 20 34
5 49 691
38 24 144
35 12 855
48 11 242
25 37 688
11 12 762
30 22 429
49 38 970
22 18 604
24 28 565
13 33 508
25 1 958
35 23 959
6 49 308
18 30 488
47 47 941
48 27 759
18 34 998
34 44 306
1 26 197
50 35 441
39 29 71
30 44 855
41 45 501
10 30 486
5 15 22
10 25 661
2 11 254
10 15 119
36 7 731
16 41 319
40 15 692
8 32 897
44 43 45
19 49 772
12 39 297
48 37 599
23 35 722
9 7 240
46 47 224
39 36 169
4 34 700
26 24 328
17 27 119
37 1 78
34 32 16
32 45 4
39 30 423
49 10 699
42 39 288
44 37 396
4 23 920
45 35 105
27 33 897
49 7 254
49 4 93
17 27 50
7 26 423
36 4 613
48 27 565
40 1 688
34 30 46
29 28 651
30 21 246
20 2 11
30 27 317
7 13 508
36 36 887
41 19 447
18 3 788
33 5 731
4 31 252
46 39 560
21 49 825
44 21 739
8 9 357
15 1 16
38 22 952
22 33 495
30 40 636
36 41 440
20 21 343
35 8 65
27 37 467
12 41 872
36 30 998
5 19 757
11 29 69
20 11 256
33 1 910
27 30 391
14 11 547
32 26 965
33 26 243
27 3 125
43 27 392
4 3 940
28 18 28
37 25 333
15 32 544
28 44 447
47 24 959
47 2 740
18 23 715
23 17 407
18 22 824
10 20 780
33 12 248
38 18 653
27 13 281
10 43 184
14 17 698
6 21 365
26 8 438
4 38 743
49 10 401
2 40 38
25 16 166
8 36 255
14 35 511
37 9 1003
12 25 758
33 28 433
28 45 88
48 23 927
27 47 187
46 15 3
17 8 770
21 40 313
21 17 820
42 49 557
45 29 782
15 37 967
38 16 986
39 30 1006
15 27 564
4 41 678
18 16 431
49 18 871
38 20 667
1 7 708
3 31 935
45 6 400
24 28 355
25 42 385
27 8 138
21 31 167
12 43 968
29 19 220
30 38 954
22 27 290
28 23 161
26 28 823
23 46 243
37 13 490
14 39 590
40 22 132
22 14 492
19 16 418
17 8 926
14 8 337
34 26 875
27 27 728
1 35 574
47 15 348
43 16 47
1 35 946
34 37 446
4 19 623
3 29 670
7 32 993
35 24 865
48 18 938
19 24 704
16 18 38
29 50 22
38 45 804
38 4 356
39 49 90
29 20 438
23 25 571
23 19 130
33 49 1007
25 13 404
35 14 504
24 45 805
32 1 996
15 43 461
20 20 890
37 7 435
2 41 345
32 28 841
27 19 840
3 20 466
15 50 221
16 50 917
30 21 175
23 24 444
12 19 288
15 21 204
41 21 218
27 11 223
1 16 215
31 19 566
28 33 779
50 37 14
13 9 345
14 49 587
14 39 265
31 5 740
37 41 317
9 7 917
47 10 994
2 47 513
19 10 826
37 20 423
24 46 304
33 32 762
14 36 867
11 17 60
49 4 5
46 8 622
39 7 430
18 26 132
29 1 749
30 1 16
24 10 507
31 49 8
34 23 905
8 3 176
6 34 940
33 2 303
45 36 731
50 16 903
23 24 352
44 32 406
19 9 281
6 46 485
26 21 687
27 14 491
4 20 233
8 19 752
37 5 165
30 23 1009
35 34 839
15 10 65
34 13 237
49 4 792
19 46 945
14 29 153
7 7 75
7 37 636
14 44 1021
3 19 473
43 45 49
45 45 134
12 21 514
1 13 338
47 2 990
30 35 502
34 11 977
16 48 646
35 15 698
21 38 296
1 45 221
41 9 443
15 38 338
2 38 943
29 44 308
28 13 933
37 22 347
12 6 331
42 28 190
50 12 610
14 19 478
22 16 902
12 18 472
12 3 665
42 4 421
13 49 923
29 34 649
7 23 787
28 45 7
49 20 427
13 46 851
33 21 21
34 1 793
27 8 657
34 17 605
25 50 721
32 8 945
44 33 570
43 29 1000
20 12 170
1 38 540
8 48 730
6 36 886
45 9 665
2 46 651
23 11 873
48 29 829
4 18 559
29 3 472
7 43 984
7 30 405
40 10 740
42 3 982
17 33 293
47 16 531
44 15 200
22 32 608
2 1 892
2 29 667
32 7 960
12 50 145
48 36 481
22 36 23
46 12 20
40 43 154
25 16 386
1 41 464
9 50 921
7 2 121
21 10 838
5 12 779
47 35 441
32 29 973
46 35 217
35 23 675
31 42 567
19 7 774
16 18 35
13 44 228
7 27 957
4 49 1018
20 34 152
15 23 664
27 7 794
27 19 676
46 38 175
17 11 138
44 32 757
43 25 98
47 50 152
2 33 384
49 5 756
23 41 146
37 35 680
17 10 332
35 19 781
20 15 1009
1 44 418
31 23 321
33 1 600
7 40 390
44 34 78
29 45 140
47 16 182
16 46 164
18 48 856
22 27 734
49 24 24
38 6 803
9 4 983
32 21 964
16 46 107
14 40 411
6 21 357
35 20 506
24 48 307
30 45 944
25 18 218
32 16 313
35 50 662
16 15 231
29 19 452
9 11 185
10 47 355
42 18 287
37 37 568
15 26 896
16 46 956
21 17 707
7 49 139
34 18 749
16 26 943
14 13 174
14 19 274
34 45 96
22 41 187
4 3 97
48 27 123
44 49 723
29 13 660
49 11 934
10 7 1013
2 2 728
15 1 339
30 37 746
28 42 366
43 37 925
14 43 833
31 18 37
50 16 814
6 11 820
9 25 176
28 36 807
18 41 158
45 6 786
8 3 902
17 27 27
30 11 582
6 31 953
13 38 207
35 46 271
45 25 931
26 10 69
41 23 160
49 38 602
32 4 814
7 9 275
34 18 260
50 9 675
34 13 568
19 40 715
27 50 877
25 25 102
41 46 643
7 37 936
20 34 530
42 33 668
29 35 14
13 3 501
16 17 441
26 4 941
16 25 331
36 23 353
23 50 783
30 12 819
36 11 270
5 33 732
30 28 111
48 32 750
47 34 502
13 41 233
3 40 670
8 42 146
3 31 562
1 48 531
34 2 496
34 47 258
10 30 809
41 19 512
36 16 164
14 29 980
12 28 505
39 18 899
22 41 206
30 38 122
17 2 221
16 6 352
8 48 83
28 16 645
19 3 271
43 23 334
46 6 698
50 46 313
34 8 28
44 47 736
18 26 521
36 47 63
30 42 635
24 10 473
31 26 268
7 24 285
40 31 1000
47 35 839
10 30 32
5 15 839
46 15 24
22 12 716
23 31 368
4 36 338
37 14 721
38 43 267
31 15 933
3 15 492
29 32 325
15 9 928
31 23 326
34 1 452
21 17 407
22 44 691
21 16 553
3 19 195
9 23 642
7 30 139
47 4 144
34 31 1020
17 6 355
25 25 326
17 2 987
48 47 280
41 47 545
33 28 625
18 21 445
17 4 875
30 2 281
41 39 661
45 24 708
16 8 602
1 13 338
18 16 660
40 10 315
33 49 182
32 24 28
19 7 30
47 15 279
32 37 257
43 36 867
20 50 259
28 5 283
38 40 35
50 2 288
37 16 304
50 6 179
29 27 982
33 14 897
47 19 193
16 12 745
50 41 682
35 42 39
46 23 791
22 12 626
13 14 51
10 42 395
40 5 454
5 29 484
43 21 385
6 5 232
13 11 149
16 4 1008
20 5 801
38 48 767
9 34 15
29 45 100
31 5 278
31 13 295
32 18 1010
39 12 753
10 27 461
48 11 886
15 24 774
30 31 842
19 7 396
25 7 269
12 22 280
37 24 396
19 19 245
50 36 98
23 12 226
16 17 18
10 8 965
12 7 796
39 24 887
19 23 689
25 30 244
18 50 1004
19 34 471
47 43 579
20 38 369
28 50 156
8 1 209
19 19 281
46 43 284
41 33 425
50 40 581
15 31 891
35 29 199
29 22 797
35 30 991
10 9 568
31 29 478
19 43 238
32 10 440
12 44 222
24 8 969
24 20 274
20 41 895
45 41 876
4 1 664
13 1 599
38 1 303
45 38 225
22 18 422
28 26 843
2 47 173
43 50 954
18 2 941
13 41 680
20 39 89
35 34 743
28 38 903
6 45 917
1 40 615
10 50 522
45 4 165
22 28 634
27 9 37
10 37 800
42 14 321
42 32 906
1 27 738
14 46 61
10 20 780
1 38 998
32 40 538
10 12 440
39 37 442
15 14 9
25 16 413
45 35 28
1 46 944
13 20 259
40 7 874
17 23 273
43 39 870
12 18 19
18 46 803
36 25 891
40 12 377
29 38 104
9 38 224
9 2 336
5 28 840
40 27 536
39 34 1013
34 13 437
7 14 921
8 28 764
3 49 968
30 9 815
20 9 604
28 46 41
24 23 612
4 40 121
27 3 305
31 50 216
31 28 159
32 16 485
2 40 20
23 28 514
27 41 168
40 11 721
28 31 758
6 20 835
24 3 432
38 32 582
20 36 689
45 22 442
28 46 152
42 49 252
50 3 416
19 1 714
1 9 297
12 6 548
12 10 212
32 31 628
10 45 818
29 11 296
13 3 794
18 32 213
42 19 107
18 1 345
42 9 194
50 24 325
19 7 559
44 11 820
41 39 975
32 42 422
48 36 806
1 15 80
5 7 846
35 25 248
8 21 354
32 15 68
11 13 874
2 16 654
17 38 60
42 44 389
40 42 524
38 46 580
41 42 1004
44 33 895
20 16 832
18 36 956
36 2 268
10 44 425
1 8 973
42 47 69
26 29 572
24 19 101
25 10 947
21 26 848
39 32 240
33 46 226
43 36 404
3 10 817
10 11 608
45 13 605
43 35 29
25 15 977
38 23 883
39 27 663
18 42 816
23 18 391
50 7 520
29 49 536
14 1 911
12 34 410
18 17 715
8 11 710
9 16 821
20 11 250
10 47 657
28 3 573
16 40 467
6 18 1005
42 30 512
31 35 795
2 13 924
26 11 930
39 13 350
3 10 686
36 38 758
21 2 319
34 44 162
21 37 224
43 31 814
23 43 723
40 42 599
7 49 274
24 6 255
36 30 786
47 31 974
11 48 928
15 13 464
15 36 291
2 12 38
12 26 568
38 43 355
8 45 784
22 40 599
38 20 555
13 49 960
19 5 743
43 6 425
48 43 541
18 43 784
25 3 426
29 36 189
4 38 817
22 14 128
45 50 809
4 12 559
24 25 624
18 10 942
19 43 439
33 14 186
13 18 269
2 40 653
8 39 709
41 39 985
21 49 880
40 10 196
2 37 490
25 48 284
27 14 572
24 7 394
12 46 76
40 28 955
13 29 644
48 6 444
20 8 673
25 27 9
49 21 573
26 12 648
13 15 812
32 36 778
3 37 844
5 42 193
42 45 924
24 26 295
48 31 317
41 1 497
38 37 532
46 11 113
18 11 995
7 40 466
31 16 76
49 38 737
4 37 873
2 45 32
19 3 593
14 50 670
9 4 799
21 48 369
2 22 93
30 41 437
45 19 740
44 13 125
49 40 989
48 29 913
28 8 243
49 29 965
36 40 633
22 39 813
11 19 532
16 27 796
49 5 1019
29 18 449
49 12 288
35 4 245
20 8 499
35 31 151
43 14 350
6 46 1009
21 27 167
15 36 229
19 5 175
15 4 332
24 21 277
45 7 266
49 14 613
39 45 793
22 27 596
4 42 673
8 33 299
21 1 679
13 34 1011
50 26 914
27 49 145
14 35 189
15 50 658
25 25 297
23 15 10
22 48 917
7 30 64
48 9 196
11 25 107
1 29 754
44 4 471
12 31 608
24 38 320
16 29 1008
46 45 942
43 39 931
28 40 1
33 38 694
21 15 669
44 42 820
46 39 130
32 43 733
23 48 652
23 17 240
14 36 1023
20 12 121
27 14 491
29 18 637
14 45 378
43 34 161
34 34 467
18 11 612
32 5 117
13 18 435
30 39 254
49 27 589
1 9 138
21 16 556
41 49 128
31 3 207
32 16 728
15 46 251
14 48 618
39 36 499
46 40 1014
35 37 973
13 6 968
7 30 488
38 17 137
36 46 556
28 26 14
7 25 907
31 47 209
14 32 775
44 35 343
19 4 74
49 47 281
10 37 750
2 8 86
24 9 485
40 49 256
18 7 1019
5 2 651
9 6 8
14 33 698
38 14 82
33 34 998
49 3 150
12 4 596
23 37 821
22 42 827
44 47 817
43 18 72
1 2 526
38 15 43
46 40 479
39 8 25
35 46 421
35 28 915
23 2 424
19 48 876
37 27 363
19 38 339
3 49 330
5 19 969
25 25 236
15 39 968
42 4 33
44 30 890
7 6 534
25 40 42
40 30 367
8 8 457
29 32 857
26 19 559
25 47 898
25 47 239
23 40 230
47 9 434
47 34 430
2 37 288
1 17 770
27 41 5
22 17 286
28 48 280
25 25 953
28 41 937
43 50 856
32 43 291
45 37 425
14 47 532
30 48 46
10 26 835
19 20 507
19 21 1005
43 5 854
24 33 823
30 23 91
4 41 228
28 35 501
16 44 693
31 7 908
48 11 812
15 29 428
12 30 266
19 24 762
20 31 823
40 17 797
38 46 486
11 6 200
3 30 451
49 4 443
3 15 702
24 18 258
32 41 471
34 9 835
34 40 273
40 26 917
4 39 384
49 8 249
32 22 465
3 17 828
49 45 663
19 19 711
40 50 644
31 19 842
28 11 908
29 32 744
15 16 409
21 15 699
30 3 292
4 18 712
25 1 487
2 14 234
17 49 404
14 25 53
6 13 596
15 42 96
33 7 720
38 7 988
13 7 601
24 15 40
15 9 501
47 3 283
7 14 816
1 25 544
9 1 290
20 19 508
24 21 442
7 3 315
38 22 1005
50 36 985
31 38 282
2 10 200
35 44 665
29 15 833
3 4 771
22 50 801
35 44 6
8 22 209
30 12 248
13 18 990
39 2 294
6 49 137
26 37 688
49 40 853
17 2 878
50 40 310
18 42 838
36 35 690
27 43 343
46 21 597
29 20 620
20 19 19
47 2 498
2 25 121
31 44 34
15 7 951
4 18 758
13 13 245
49 29 399
35 41 974
41 20 457
12 42 312
40 40 949
47 6 423
1 47 749
41 6 500
21 6 541
4 15 318
6 5 711
32 28 34
25 19 129
39 30 250
29 30 5
41 27 170
25 19 389
35 14 980
30 28 88
9 8 767
48 37 67
32 7 177
3 40 588
18 3 2
46 36 77
8 43 168
19 17 435
30 13 419
19 45 819
19 3 115
22 22 957
23 27 415
9 40 367
3 43 668
21 18 719
44 38 554
18 34 428
18 34 825
2 15 736
2 23 581
45 33 801
6 39 437
27 8 554
22 16 752
12 25 189
46 43 159
40 21 880
22 20 888
43 24 108
4 11 454
50 29 179
42 5 453
10 16 166
12 2 179
48 47 97
11 13 102
4 38 1002
23 30 648
41 36 38
12 4 187
11 29 452
22 26 1001
46 23 146
20 16 943
1 46 408
21 24 622
50 49 133
28 24 18
8 10 1022
44 44 1023
13 31 215
50 36 364
1 37 784
18 47 228
7 5 636
32 2 282
9 27 759
48 42 51
33 32 204
29 47 94
23 27 71
19 50 440
30 16 27
27 48 990
18 23 408
23 5 9
19 31 750
45 34 452
19 34 377
48 5 710
1 2 874
36 8 753
34 24 816
32 32 35
30 22 842
47 21 365
7 30 321
30 29 783
47 16 829
48 4 39
7 49 964
28 13 590
4 42 344
2 44 570
15 42 223
21 17 616
27 14 863
5 43 349
7 34 94
32 10 972
10 20 606
29 2 898
10 24 270
8 10 354
3 39 918
10 4 650
11 39 88
6 12 668
6 1 135
20 5 821
18 12 678
22 39 209
46 42 190
25 6 186
12 5 72
17 47 38
21 42 426
9 38 732
49 26 492
31 10 395
29 50 212
32 8 23
19 24 870
12 16 741
50 40 860
15 38 230
12 10 296
39 40 116
12 45 250
26 30 32
26 22 754
35 19 982
50 1 596
18 43 213
32 21 851
19 44 802
19 31 979
33 28 237
9 18 292
18 13 194
26 19 340
23 39 954
5 14 1001
40 36 855
45 23 318
13 31 842
39 22 789
35 1 498
47 27 724
15 21 408
50 42 804
24 27 475
41 3 390
17 45 374
36 20 139
50 36 720
3 27 149
48 23 851
15 15 469
28 35 404
18 14 942
22 42 617
5 13 986
26 50 287
13 37 496
29 1 537
9 28 848
45 35 147
38 9 827
47 26 926
19 47 134
18 23 167
20 28 719
47 29 108
29 42 985
25 27 425
26 25 305
40 8 367
44 19 790
17 30 184
19 6 779
27 30 810
23 2 375
6 28 365
40 8 281
9 49 623
21 33 623
23 40 234
30 7 597
23 23 917
22 20 219
16 13 557
23 5 381
38 41 692
14 9 636
29 41 271
28 41 970
30 27 43
30 35 643
34 27 612
43 9 758
46 46 362
38 26 38
2 25 883
33 8 903
5 36 672
37 42 210
49 7 512
29 49 403
8 12 616
2 10 78
17 39 524
34 30 763
9 46 202
19 17 205
8 25 393
25 14 513
12 11 784
17 31 3
34 12 665
13 22 219
19 4 618
4 21 879
36 30 235
4 31 193
48 38 499
34 39 568
46 50 729
16 45 729
39 43 595
14 49 553
47 45 16
45 34 246
19 48 937
16 6 965
23 40 41
45 5 692
16 28 813
3 24 273
7 24 926
37 43 916
47 46 390
32 13 625
44 15 50
30 11 464
36 10 360
17 27 142
4 8 467
15 34 45
23 23 239
5 45 950
13 39 199
38 31 510
40 29 480
27 41 943
43 17 307
38 50 939
35 4 198
26 20 748
22 12 975
2 34 901
40 8 383
26 17 382
15 21 521
21 33 84
13 32 645
3 50 748
21 21 655
21 32 706
37 27 59
7 40 634
30 30 242
7 43 882
37 11 409
1 20 804
4 26 658
16 12 127
48 15 568
20 31 354
21 12 500
25 11 272
30 43 289
21 42 831
18 47 362
34 12 94
6 36 373
6 8 161
9 35 140
21 18 615
1 18 371
40 14 278
4 41 7
21 31 869
14 46 976
13 36 196
30 16 595
23 12 130
33 50 354
10 33 533
32 41 46
1 2 519
36 23 307
1 8 928
29 10 334
16 22 476
9 19 378
18 45 87
21 10 853
12 2 27
15 7 730
32 5 756
44 11 342
19 43 377
17 13 467
18 43 428
47 48 297
4 17 631
37 18 434
3 28 589
33 7 401
30 40 990
12 50 822
6 46 407
26 32 21
8 39 86
5 49 1010
26 14 404
12 2 501
43 35 876
11 38 640
39 7 790
46 19 386
5 28 57
32 20 960
24 44 142
43 10 198
9 26 36
40 41 895
11 42 8
23 1 490
39 31 712
11 27 226
22 40 314
18 24 905
40 30 898
48 22 370
5 27 346
40 28 631
14 6 186
14 14 54
38 42 673
37 24 15
7 4 837
24 35 909
7 34 789
35 36 40
35 11 463
38 20 70
37 37 986
48 14 544
3 46 911
47 41 771
14 20 483
8 16 249
40 44 245
14 31 671
10 30 984
12 31 397
50 10 282
26 5 972
41 20 605
4 18 203
15 45 670
40 12 203
18 49 867
40 11 767
42 9 970
36 8 66
34 27 422
18 19 964
26 11 600
41 18 401
45 17 122
9 1 625
32 26 277
49 47 599
3 26 165
29 1 63
17 39 636
44 49 405
29 4 140
41 43 675
42 30 514
24 30 293
15 4 620
45 34 73
19 10 497
3 2 230
31 48 503
16 8 244
26 1 533
23 3 839
29 31 687
34 40 777
13 49 374
21 48 559
22 35 485
29 31 6
48 31 963
49 49 846
9 25 612
15 27 195
33 44 421
14 16 651
37 27 1008
11 21 172
11 15 926
20 50 340
42 28 479
24 25 913
42 32 28
5 8 684
15 46 425
15 13 367
19 14 297
42 19 197
29 1 428
13 6 900
33 16 798
13 37 345
28 21 799
39 38 612
42 47 162
1 46 281
17 39 509
8 15 851
39 4 63
16 32 511
26 7 355
37 21 596
21 12 791
6 17 666
7 22 926
10 40 109
27 41 57
47 40 161
36 2 155
34 50 596
11 8 113
39 3 472
25 1 926
50 26 417
49 34 156
45 19 826
32 26 665
38 9 282
38 23 162
43 35 647
11 29 70
28 43 602
16 49 425
11 5 666
44 47 333
17 22 643
27 49 695
48 15 753
48 26 336
28 38 346
8 16 662
47 12 357
42 4 940
44 49 776
16 45 133
50 14 372
19 12 461
49 3 926
48 8 746
45 13 913
39 3 854
47 13 320
7 43 944
15 21 173
41 31 651
9 29 525
15 48 682
33 18 906
8 49 975
39 23 982
32 39 673
24 13 573
2 43 225
33 19 905
1 36 661
5 22 70
20 23 129
24 11 290
3 33 225
24 10 764
48 43 897
3 30 227
38 39 382
26 24 61
27 46 244
37 5 72
26 33 414
6 26 83
21 3 561
4 36 66
4 34 267
26 21 82
13 4 986
37 41 928
49 41 122
14 45 101
4 22 886
24 37 438
22 35 656
41 23 74
18 9 778
45 8 703
37 38 178
6 8 754
1 33 815
18 5 798
34 2 386
10 20 206
47 27 746
46 22 884
10 44 275
5 21 155
48 43 536
32 47 902
34 46 300
4 18 309
23 14 559
50 4 513
21 34 935
46 41 439
23 42 384
4 31 612
46 9 67
36 28 33
25 31 480
20 6 180
28 20 397
19 41 869
19 42 73
32 27 290
18 8 449
7 6 673
40 38 55
18 29 46
37 50 832
33 41 934
19 48 122
24 38 351
26 25 347
14 20 139
12 44 542
31 45 529
32 48 174
47 26 672
50 27 140
25 46 587
6 3 1010
23 8 830
2 45 558
9 4 645
22 5 885
15 28 579
9 8 985
19 24 665
13 48 287
26 43 123
16 21 346
40 40 115
13 9 124
31 43 686
1 20 962
13 47 729
4 7 253
38 31 77
32 30 726
18 15 770
20 34 761
38 14 103
8 21 965
18 38 984
42 46 357
37 5 1023
19 32 735
38 5 407
47 48 530
44 43 278
15 37 725
34 10 29
35 34 409
25 23 321
25 12 234
30 3 344
13 38 616
9 26 960
31 45 243
20 13 42
36 38 561
36 44 445
28 23 169
12 3 967
45 30 268
39 8 705
4 1 927
44 48 499
2 17 34
17 35 650
1 35 609
27 3 554
27 18 325
50 27 850
6 30 336
1 33 641
26 10 802
44 37 264
2 9 548
11 44 543
24 24 630
15 15 440
17 25 147
9 4 331
24 19 5
10 35 970
4 44 681
38 21 3
40 41 502
48 22 167
9 40 284
29 13 224
50 50 828
23 20 231
48 3 84
1 42 852
18 32 11
45 5 852
10 17 952
50 24 395
50 4 108
38 31 463
1 7 282
32 24 381
2 48 817
20 37 680
29 50 280
38 50 923
23 19 636
18 16 1015
23 23 311
1 18 829
29 32 837
47 36 328
30 8 127
14 25 538
20 15 543
32 19 333
33 14 593
15 47 749
19 29 525
29 20 573
41 2 705
21 38 458
45 16 378
16 25 281
14 7 996
8 28 711
3 5 504
29 50 777
17 31 5
21 16 216
15 13 129
40 41 368
42 10 933
2 50 307
9 10 534
31 35 513
17 8 309
42 1 15
15 32 228
38 43 58
17 29 65
17 24 421
16 34 642
18 6 311
3 19 742
46 48 214
4 31 357
10 1 706
4 8 790
9 23 307
29 49 583
33 19 979
25 47 797
27 49 849
21 33 63
37 9 658
21 41 91
49 7 341
4 44 934
39 16 153
32 42 548
41 6 336
25 17 724
1 3 214
19 34 834
32 5 57
47 10 629
37 42 824
50 40 813
46 43 65
33 37 538
11 4 391
19 38 423
43 8 960
12 27 164
18 33 533
29 31 872
46 46 973
18 48 298
16 7 414
44 7 125
50 34 658
43 7 367
17 5 696
40 44 513
17 13 961
49 16 682
10 9 414
48 38 60
7 35 799
26 10 2
45 8 310
21 43 343
39 44 943
12 46 250
45 26 189
11 27 275
26 34 304
22 1 512
36 40 67
9 32 445
10 38 473
48 41 424
19 17 457
15 17 274
8 42 693
48 6 519
13 13 587
13 17 994
4 33 436
25 11 718
6 16 884
19 33 972
49 26 6
12 35 855
33 17 487
22 19 626
32 22 423
41 27 325
34 33 890
29 20 634
13 35 565
19 11 414
46 4 691
16 38 306
38 33 54
12 10 794
10 19 42
15 45 665
46 24 306
23 24 668
39 32 496
17 23 531
9 39 559
29 34 569
36 31 392
7 28 220
38 4 959
45 26 583
22 18 96
21 6 10
39 48 869
30 14 460
21 8 247
41 2 82
29 32 752
35 44 612
41 5 688
6 20 253
11 33 344
38 23 465
45 2 892
20 39 745
7 2 394
33 35 908
32 30 424
27 5 92
26 20 629
10 23 136
50 30 166
9 5 967
50 30 584
8 50 214
18 37 209
20 40 184
31 13 923
9 13 170
7 10 165
31 24 698
45 17 359
19 30 847
10 46 154
30 23 691
39 28 301
17 32 296
30 30 813
19 36 293
20 12 527
15 21 1023
20 10 14
33 40 239
14 29 283
36 25 628
24 44 914
2 47 1017
5 25 866
50 26 969
48 49 786
19 23 52
36 4 185
43 3 520
18 9 773
10 33 71
11 29 240
15 45 60
49 34 823
44 20 800
2 32 123
43 12 490
9 18 949
24 21 235
17 49 774
28 10 92
34 12 400
48 39 359
33 23 856
43 5 658
14 11 135
30 18 670
43 47 916
32 20 654
12 9 48
25 35 628
12 4 975
38 25 621
6 18 497
48 4 889
49 48 695
46 8 177
6 19 697
4 13 54
7 7 595
3 17 760
26 50 865
1 34 278
23 28 409
32 8 696
48 38 69
19 43 265
34 3 986
3 33 566
38 27 531
38 18 654
42 46 212
48 50 774
35 13 747
47 48 922
22 30 557
3 2 661
34 30 399
23 33 646
3 24 193
38 3 942
9 20 541
16 28 549
20 27 743
50 15 186
9 39 811
11 24 855
22 38 199
49 2 974
38 47 1002
1 11 685
27 24 365
50 18 307
22 25 336
43 48 841
50 33 45
19 8 920
12 22 163
31 22 718
36 29 637
30 8 184
47 20 142
47 7 45
5 30 863
5 37 205
23 21 586
49 2 684
50 27 301
24 15 954
43 6 116
27 27 561
49 49 344
37 24 659
2 46 877
21 21 461
18 49 674
39 29 796
43 22 928
47 14 218
20 20 725
7 18 559
48 23 277
24 35 195
13 46 546
16 18 332
3 30 703
35 36 595
29 43 435
14 15 498
11 19 867
30 30 266
42 6 531
45 50 55
44 18 179
6 16 725
21 21 529
28 38 756
25 3 887
33 36 853
5 23 393
31 8 975
40 31 349
25 41 689
21 6 779
4 4 484
20 27 763
28 34 837
7 47 927
33 21 464
10 11 15
36 24 650
47 25 753
47 40 668
12 39 363
21 17 788
20 13 646
10 43 927
2 3 27
48 8 574
33 35 398
33 41 924
5 1 176
11 50 125
37 43 747
32 49 57
29 37 198
2 12 412
8 27 602
50 15 785
27 48 642
14 26 473
1 12 757
1 34 824
44 44 205
42 25 676
11 1 886
21 26 299
45 40 314
20 12 916
44 35 924
24 6 938
42 43 816
36 46 223
18 3 401
44 17 365
29 8 831
25 50 473
8 30 701
18 13 226
39 43 402
47 34 989
48 47 270
47 33 591
7 46 648
4 2 7
12 3 922
19 12 67
3 26 803
4 2 503
14 20 496
45 18 829
47 11 691
50 17 190
30 10 978
34 28 141
36 40 117
15 47 397
5 19 70
18 27 537
8 28 439
40 47 443
16 49 817
11 2 881
13 41 901
29 7 503
28 1 768
35 35 624
43 5 742
18 1 148
9 49 896
46 40 77
32 2 75
48 19 660
36 43 956
50 49 851
20 46 842
23 9 779
42 43 644
22 2 185
24 27 342
21 7 319
27 26 577
37 25 448
18 16 612
45 33 710
16 16 981
28 16 535
12 5 803
8 8 262
4 2 54
42 46 598
29 37 297
48 16 423
43 36 160
42 26 355
10 37 318
12 2 763
8 41 75
30 9 493
37 39 222
49 31 253
19 14 8
8 16 618
29 20 727
6 6 246
27 48 571
11 1 650
47 36 645
3 3 173
10 31 993
26 9 908
11 10 217
22 30 250
40 15 1014
20 33 738
49 37 344
13 38 1015
40 13 693
38 39 533
14 34 990
42 6 597
3 14 204
6 25 382
50 4 962
13 21 670
36 40 192
28 33 956
7 19 515
5 42 19
31 50 412
37 7 580
14 20 111
47 4 69
25 16 931
6 46 145
40 22 263
37 34 4
40 8 765
47 50 185
17 38 602
35 21 406
13 5 910
43 26 195
10 34 670
38 10 222
7 36 181
25 4 238
46 26 264
13 32 322
28 19 293
11 13 511
50 42 1001
13 34 40
20 12 620
45 31 647
9 31 595
6 35 401
40 11 334
43 14 385
43 12 674
30 38 1
4 48 82
7 6 486
1 38 282
16 20 558
7 41 849
38 47 414
49 49 430
30 50 958
16 33 51
9 22 940
31 50 651
14 44 118
44 45 560
35 46 338
30 50 54
18 4 124
25 3 770
20 50 906
25 47 1023
41 35 592
2 8 870
43 44 466
32 15 252
43 48 801
34 7 83
8 31 97
7 31 41
30 19 938
26 44 622
11 43 734
24 8 915
49 20 762
40 21 970
5 38 790
4 47 178
5 45 862
5 50 233
37 3 368
23 8 573
2 30 740
26 31 301
29 42 810
21 19 402
32 43 220
42 44 45
40 24 580
44 31 577
12 48 278
26 35 39
18 38 199
21 21 910
48 28 277
10 29 400
26 29 618
18 18 973
20 17 56
44 9 247
26 15 248
12 16 833
23 16 773
11 5 997
25 17 691
30 40 90
23 46 589
7 27 746
12 50 600
8 34 138
35 9 390
10 19 87
27 5 603
31 11 305
44 7 622
26 21 509
47 30 746
40 16 831
26 34 950
4 24 973
25 29 546
22 20 200
18 4 2
18 7 159
13 7 221
36 33 383
48 50 277
19 30 299
24 19 135
24 46 277
30 39 811
6 14 471
12 26 62
14 42 178
24 30 413
38 17 727
7 37 538
20 46 427
25 21 966
19 16 1023
17 10 773
50 40 708
15 23 708
26 21 178
33 49 409
44 42 117
24 10 276
17 18 1018
12 31 704
20 1 31
33 45 202
8 36 862
5 43 876
13 12 757
50 32 151
11 48 526
2 11 168
23 25 447
46 18 63
5 35 767
5 5 491
34 40 251
34 18 66
50 25 762
35 16 812
25 11 735
28 7 401
49 39 523
25 46 1011
27 42 901
23 27 538
42 37 282
21 32 551
4 26 948
9 43 499
26 13 38
33 30 463
2 10 127
36 4 668
1 3 796
43 25 42
8 29 602
30 6 987
6 37 997
49 29 423
8 6 217
5 3 551
19 21 59
2 35 35
18 13 1002
25 16 544
30 19 829
15 27 30
7 31 335
38 49 51
49 40 290
7 16 208
5 24 165
11 37 529
15 27 145
28 50 928
30 21 364
31 11 872
27 49 496
32 8 238
41 30 679
23 50 618
38 8 538
14 23 432
14 32 782
6 42 845
50 3 530
48 1 155
41 45 611
35 1 899
18 47 166
18 38 328
48 11 30
9 43 715
30 15 946
45 10 589
43 23 767
14 46 827
37 5 326
37 49 424
4 2 88
32 1 118
38 41 59
49 41 677
23 32 979
29 24 40
32 35 704
22 34 840
33 22 279
44 48 302
33 41 120
38 27 410
30 18 12
20 1 934
7 37 1001
5 27 152
7 37 367
36 31 454
20 33 590
40 4 45
3 43 188
11 36 1005
13 9 914
49 21 314
14 49 367
26 10 877
12 22 961
38 14 891
36 4 44
38 38 162
20 23 283
26 40 651
40 17 690
10 6 616
16 33 457
38 9 824
41 38 330
9 27 123
48 15 774
27 16 62
19 9 921
4 50 713
26 46 750
15 45 952
39 18 330
28 8 65
10 46 107
11 26 351
1 28 997
25 25 731
25 28 596
20 9 59
21 1 993
7 19 1005
47 27 563
38 8 123
34 10 463
42 28 696
25 41 973
34 13 756
3 21 981
40 29 1009
26 10 454
20 49 960
49 29 751
6 11 830
48 28 118
16 28 252
19 48 563
44 11 487
46 18 766
38 16 842
26 19 684
8 24 928
42 27 1005
44 23 1011
48 37 1001
47 30 945
28 20 14
6 29 244
50 19 459
14 27 644
37 19 477
3 43 639
25 47 598
20 11 653
2 41 34
43 3 909
21 26 270
2 41 691
19 4 221
19 21 81
12 12 539
42 34 507
30 35 494
4 24 836
15 40 446
16 38 1011
48 3 893
42 6 933
19 7 54
38 45 117
46 25 123
42 32 31
20 39 350
12 5 262
22 15 980
24 43 504
47 4 750
45 30 707
3 27 515
44 31 879
30 24 211
29 18 383
31 36 590
45 43 378
13 3 806
25 49 953
24 31 565
15 9 742
22 16 229
45 22 569
30 29 340
28 4 452
21 6 855
24 14 648
37 28 942
12 24 728
11 16 833
5 17 929
39 4 594
32 42 691
24 23 594
22 11 645
20 40 1002
20 16 550
25 25 210
28 2 763
44 28 368
20 10 581
4 5 534
5 33 165
39 28 185
1 43 923
6 20 118
44 35 881
2 33 622
29 13 306
50 38 245
23 1 899
11 1 112
4 13 199
27 32 260
15 10 411
9 16 944
19 19 537
46 49 238
6 28 35
3 34 85
35 7 82
40 9 437
25 9 7
34 42 429
31 2 618
25 14 422
35 17 710
5 39 321
30 43 783
26 17 729
37 27 751
9 20 900
18 47 176
28 30 242
38 2 354
17 10 1013
49 24 767
5 28 432
8 28 847
21 44 639
40 37 997
4 30 562
5 44 75
7 20 489
35 18 57
27 29 382
43 28 528
1 26 196
31 11 50
22 19 976
1 45 131
28 14 623
41 16 625
46 5 228
9 14 42
21 43 542
37 33 248
5 32 148
1 14 707
44 23 257
21 4 436
29 49 437
9 29 56
46 22 540
25 18 555
28 50 267
46 27 543
6 27 844
11 45 158
23 19 471
13 17 151
5 41 103
9 44 634
13 20 798
22 3 925
2 40 524
16 30 49
13 25 874
25 24 122
40 7 175
47 22 439
26 9 746
37 16 850
1 16 52
30 4 436
6 2 385
15 4 609
35 29 383
38 7 604
24 39 731
28 23 412
9 9 709
24 34 430
15 16 198
36 32 957
38 13 161
15 31 952
22 10 57
30 3 150
8 20 48
7 5 657
18 7 226
26 49 287
23 20 726
36 46 955
34 38 218
3 20 686
31 35 687
15 10 835
14 2 865
40 3 701
38 47 675
43 23 350
18 39 489
2 44 729
6 3 59
37 46 836
30 25 35
44 33 236
16 4 910
25 33 955
50 5 189
19 47 435
14 12 527
17 19 381
17 28 563
26 27 331
25 33 834
16 14 701
27 18 845
32 38 33
17 27 75
48 25 844
21 31 396
19 44 128
9 9 77
35 7 583
26 5 380
46 14 629
14 10 392
45 35 759
1 13 160
22 34 528
25 10 872
45 48 701
8 44 941
23 42 442
39 46 773
50 37 183
46 42 649
24 27 1012
31 49 473
18 20 775
44 12 422
4 50 216
4 38 210
10 42 90
14 22 361
35 20 592
22 6 180
6 28 32
32 15 446
36 7 808
48 5 721
44 15 768
17 3 585
21 31 17
11 46 821
5 20 778
34 47 64
17 20 890
46 34 897
1 8 186
49 47 75
50 44 689
31 49 530
42 31 92
42 17 794
42 13 1006
10 11 416
5 12 550
16 28 125
30 29 548
47 24 963
49 25 351
41 13 833
17 20 546
23 5 688
11 1 422
9 34 579
31 37 921
45 5 435
17 20 890
3 28 278
9 29 556
1 21 982
49 49 138
47 50 164
17 3 709
37 35 778
34 22 239
47 36 869
13 37 751
45 1 210
35 13 767
29 49 143
11 41 978
12 1 312
23 12 743
48 12 185
39 30 819
6 46 594
37 9 128
9 29 534
8 31 927
11 43 929
44 27 967
11 12 804
48 18 919
7 10 853
42 46 756
13 18 334
47 28 689
17 33 241
3 14 472
45 18 880
23 23 315
33 43 56
23 47 556
35 13 86
49 22 489
33 17 8
12 42 260
15 36 548
12 24 778
33 1 658
21 23 840
6 27 58
8 28 868
10 16 712
5 32 847
15 27 567
20 15 63
29 7 156
12 38 164
49 22 746
3 38 742
24 14 599
32 8 873
1 45 665
26 27 821
43 6 479
37 30 949
36 18 426
20 30 973
22 37 234
23 21 106
38 42 240
13 38 565
12 11 741
14 32 497
10 41 186
37 28 614
26 33 541
11 44 214
31 17 831
6 28 228
41 6 401
38 5 274
34 8 611
10 18 485
26 27 239
25 37 718
46 34 985
10 35 931
30 6 353
29 40 963
10 18 220
13 35 146
6 18 67
33 6 216
23 8 163
43 36 470
2 3 408
13 21 90
19 15 655
13 50 925
2 24 262
1 12 324
46 31 965
46 15 835
41 26 71
15 50 875
24 21 404
16 11 210
2 43 455
16 46 179
35 9 99
44 14 140
8 24 831
20 43 499
10 29 447
23 23 128
18 20 705
4 6 313
19 4 907
20 16 533
29 15 920
38 7 617
1 2 701
1 2 838
4 6 272
21 19 711
35 21 942
39 16 618
36 15 692
30 35 276
18 29 75
43 12 822
23 38 193
24 45 524
6 33 531
36 1 575
42 9 734
7 50 253
17 38 104
1 8 210
21 25 875
21 40 130
49 28 392
17 30 1006
23 49 355
33 28 311
25 27 784
37 44 775
13 46 287
2 12 363
29 7 149
9 2 809
6 31 327
41 40 114
27 46 182
30 49 786
13 5 798
27 19 90
41 39 405
12 2 179
37 31 265
50 18 565
16 7 549
49 26 633
16 4 216
38 26 298
41 14 205
17 4 661
37 48 234
32 10 910
13 33 510
29 7 971
17 1 815
24 9 762
7 40 280
34 49 1008
7 34 110
40 48 833
9 14 638
3 31 362
21 46 993
1 50 378
49 35 759
2 7 648
20 38 952
7 8 174
5 32 570
10 1 728
26 39 998
44 25 584
13 35 558
38 30 125
23 46 204
4 20 60
5 44 768
39 28 393
46 49 155
37 47 345
30 29 80
6 14 593
10 41 834
44 38 132
25 24 1019
46 32 70
27 48 727
3 36 137
12 31 337
37 16 633
19 25 491
18 15 894
48 22 352
19 44 12
5 8 877
28 30 251
33 16 650
20 8 474
38 20 446
14 35 103
32 11 54
2 5 164
40 37 51
1 34 760
2 16 461
9 30 230
26 15 782
28 24 272
48 9 307
10 10 825
24 22 164
21 6 97
29 19 73
19 19 264
42 4 650
7 34 622
8 36 985
18 7 284
1 11 733
37 34 358
4 8 585
50 2 725
49 8 865
27 11 867
33 30 841
32 18 842
23 12 19
20 6 512
43 49 869
14 9 352
23 25 667
18 10 455
11 33 302
37 5 620
4 40 468
32 14 211
45 35 529
6 49 792
48 22 242
49 27 605
42 33 449
38 47 390
25 12 213
2 40 444
30 25 668
29 22 734
11 23 606
49 40 101
21 35 311
7 5 189
19 45 153
24 46 533
24 33 947
32 3 650
49 29 344
42 16 594
15 27 116
19 48 341
30 19 656
30 19 798
32 5 415
41 42 562
42 1 20
14 42 139
21 25 254
18 33 707
14 28 35
14 19 327
37 15 238
43 4 136
36 7 137
27 27 785
26 11 125
20 5 445
12 44 707
24 36 743
40 44 717
11 23 828
37 10 306
46 42 993
42 45 469
7 25 460
38 20 297
30 40 491
47 9 346
46 40 361
13 15 462
33 35 751
22 21 11
25 9 373
39 9 1018
37 34 26
50 1 771
32 34 592
50 49 838
6 26 916
22 24 278
47 18 929
44 26 557
49 14 522
22 46 308
36 20 791
23 9 70
49 43 467
42 37 286
34 31 674
17 24 237
48 12 743
31 5 604
30 11 23
11 27 379
29 2 297
22 10 409
39 24 602
46 49 793
31 16 319
48 27 736
47 29 549
8 5 131
33 33 771
14 36 746
36 8 294
33 18 474
11 18 781
48 32 470
5 30 691
29 49 685
16 16 934
36 49 199
27 18 689
34 42 152
31 14 800
42 21 692
22 9 592
28 12 690
10 22 917
18 28 870
22 24 416
3 38 383
2 33 251
32 1 542
25 6 135
32 50 711
32 8 677
35 16 529
1 9 712
6 34 466
2 10 506
39 2 335
26 45 209
6 33 418
19 41 12
26 46 908
27 7 741
37 36 833
44 43 377
9 15 969
18 22 368
7 39 689
13 33 646
46 12 754
20 25 417
4 3 442
42 18 715
32 11 432
1 33 277
11 39 646
27 33 411
24 19 18
1 10 93
1 5 868
46 11 712
40 48 58
23 21 87
13 40 293
14 16 328
23 5 756
13 36 462
40 28 34
30 45 581
35 23 484
38 3 539
43 9 411
36 27 502
46 27 254
5 24 331
36 31 713
43 42 322
22 36 982
8 4 288
10 32 36
30 9 832
8 29 532
8 25 636
24 50 512
8 3 460
23 41 103
48 45 842
13 8 296
46 11 112
16 41 984
45 29 923
22 22 226
5 49 450
19 22 105
13 23 674
4 18 15
38 3 18
46 12 763
42 19 183
18 16 125
30 35 996
28 41 859
34 7 963
34 15 89
39 40 940
18 8 411
39 49 679
34 16 284
29 41 176
8 20 327
5 46 559
47 41 764
15 17 898
5 7 276
32 47 696
6 29 114
50 1 858
22 33 575
10 6 638
10 32 745
9 50 922
46 23 74
27 23 696
47 39 994
26 27 420
19 27 225
17 45 964
23 24 335
37 21 789
8 25 930
47 9 149
8 35 320
50 40 814
13 10 640
4 50 595
33 20 116
14 46 855
45 16 494
30 46 12
4 2 8
32 39 495
31 19 402
47 27 317
45 25 62
15 12 900
28 16 678
31 9 428
37 17 515
7 10 828
47 36 98
24 10 373
1 18 733
50 15 326
49 2 713
15 43 1017
25 43 985
27 14 543
37 28 902
4 11 585
33 30 811
21 12 451
16 17 151
47 23 927
18 50 26
49 29 468
8 42 577
17 4 562
28 7 1005
35 12 217
38 46 181
21 3 840
31 14 92
31 28 915
36 17 569
28 34 856
1 39 906
26 32 704
33 36 106
30 11 995
28 30 139
2 23 126
42 24 789
34 30 128
48 16 557
39 18 857
16 37 876
7 46 949
29 4 287
50 13 683
15 23 66
8 15 943
14 43 212
25 45 88
12 9 720
40 11 532
21 21 634
28 26 183
45 37 1010
17 7 242
5 11 676
20 35 608
36 37 716
34 9 725
8 1 861
35 38 983
47 39 1003
38 34 940
44 7 289
3 17 430
5 50 398
3 25 752
11 36 482
11 39 75
31 41 951
29 34 421
19 42 313
36 49 633
13 12 847
46 44 974
10 26 342
46 15 987
29 19 621
3 39 506
16 43 710
14 42 210
23 34 731
28 33 344
31 15 724
43 6 863
40 13 263
30 40 662
43 46 102
47 31 375
40 39 521
25 1 408
7 37 116
20 40 722
5 33 909
6 9 671
38 10 990
13 2 307
3 26 802
35 49 1008
25 16 23
37 18 959
34 24 518
8 17 369
49 25 354
50 41 975
7 7 476
20 48 718
28 26 48
39 38 969
43 9 870
2 3 316
1 21 300
18 45 698
33 16 21
11 25 330
50 48 468
24 17 148
23 47 261
27 13 545
39 39 102
28 26 714
10 38 984
17 26 264
22 5 911
41 21 115
15 8 57
31 24 980
43 26 350
46 46 682
22 41 421
24 4 920
39 50 238
38 2 601
9 22 30
18 13 399
5 3 61
45 12 781
27 36 750
16 5 436
23 44 942
45 27 679
9 23 727
9 33 842
3 29 143
48 22 620
25 10 363
17 1 152
27 36 740
47 29 176
44 40 426
8 33 528
46 42 660
28 46 15
33 34 941
47 9 934
42 1 972
1 31 17
8 32 419
37 13 32
4 16 585
14 3 606
44 1 88
41 22 143
5 26 916
10 20 640
1 31 174
40 19 629
17 40 267
7 49 754
7 7 604
27 47 975
20 20 425
16 42 524
43 39 874
19 26 226
50 32 836
49 24 777
42 35 760
21 12 483
12 34 436
49 23 616
28 13 473
40 17 97
11 14 589
41 13 435
25 17 981
5 13 862
29 49 43
32 12 528
42 32 317
40 28 333
9 4 649
30 15 558
3 19 134
36 36 919
48 15 224
5 8 528
20 40 606
47 1 528
49 38 963
14 2 87
29 1 566
32 44 869
4 48 999
50 9 52
29 14 833
36 8 771
7 26 684
41 27 1007
28 46 75
8 6 626
18 34 288
36 39 605
4 3 640
7 13 967
34 34 856
50 43 78
28 33 246
17 26 233
10 30 371
41 10 805
45 36 603
24 41 292
41 33 1016
31 47 24
8 39 825
44 13 390
45 3 975
21 35 503
10 37 768
32 3 925
45 13 756
13 14 850
40 3 756
40 25 847
46 10 439
47 23 154
38 8 822
47 4 1007
4 35 558
21 13 788
1 9 694
9 2 174
18 3 432
45 28 975
47 49 461
28 5 397
13 32 972
29 7 160
20 50 148
49 33 170
50 47 785
23 10 620
30 31 122
24 13 20
41 32 778
13 50 32
37 6 944
19 42 925
20 50 291
13 31 464
12 6 533
15 31 1020
44 28 58
23 18 487
31 28 514
33 37 980
28 18 262
40 35 825
30 41 12
11 40 997
35 19 852
9 18 776
6 21 244
43 18 756
13 22 51
20 12 119
35 7 302
41 21 632
7 22 873
39 12 44
41 29 951
30 12 237
9 18 437
18 42 197
36 36 208
39 9 731
29 6 735
24 30 340
38 19 896
32 23 644
47 9 628
9 17 253
35 32 464
16 28 847
28 27 906
32 27 268
17 39 49
25 49 785
35 37 929
37 22 300
17 14 746
48 5 563
37 40 892
23 39 396
10 39 640
18 8 847
24 33 797
21 44 535
22 24 302
2 2 599
3 41 67
8 9 1001
3 26 433
32 38 724
20 18 100
29 34 989
33 29 144
43 28 567
10 13 47
5 3 763
8 46 707
25 30 723
42 41 863
5 10 505
25 33 414
33 36 245
23 10 472
26 6 323
10 7 759
12 44 224
2 22 458
8 7 747
5 47 850
12 25 213
26 42 137
47 8 787
36 37 402
40 7 294
24 3 451
15 16 43
23 31 942
30 48 739
40 40 941
41 4 82
30 38 90
48 2 195
6 45 814
11 43 969
24 9 595
50 11 165
8 45 655
45 40 740
38 16 444
45 46 648
49 47 266
33 15 974
21 27 1011
30 19 465
44 3 853
37 35 334
42 48 354
49 9 331
4 39 110
2 19 598
14 46 240
48 29 430
48 18 637
26 38 316
31 36 726
22 35 879
10 47 472
10 16 129
48 49 821
30 22 909
31 9 62
22 32 154
35 20 1006
8 33 532
26 26 666
20 21 672
1 35 462
11 12 552
42 10 491
36 18 544
28 6 96
8 47 314
11 29 784
1 37 529
7 16 161
33 35 701
2 46 449
10 37 966
32 50 212
7 4 798
31 48 999
35 36 111
28 37 563
47 20 577
12 47 220
16 11 1014
17 15 250
20 27 49
25 50 746
45 4 553
35 40 388
43 46 848
10 31 204
30 6 279
35 42 882
12 6 949
2 27 874
26 10 668
43 28 644
39 25 808
45 30 261
19 16 432
35 14 512
8 41 644
13 37 930
2 15 142
18 42 700
20 19 685
29 26 239
22 8 911
4 46 864
15 42 619
12 28 717
39 3 45
36 16 276
46 50 160
16 34 778
14 36 237
24 16 28
38 9 567
35 27 256
3 34 123
40 32 176
18 44 354
2 15 653
5 18 795
10 38 334
10 49 24
33 44 947
39 21 20
34 32 179
34 37 351
11 30 826
9 22 544
32 45 644
11 16 909
4 45 805
21 10 199
6 29 53
15 9 8
18 4 20
15 42 197
50 43 71
9 21 765
43 18 406
49 27 229
33 23 592
18 16 606
3 38 961
2 6 723
18 30 402
11 9 706
34 2 105
2 44 414
37 16 394
45 14 144
50 48 347
2 29 423
28 21 911
9 16 711
20 7 709
4 28 1003
16 29 50
46 26 835
38 8 596
39 29 655
40 42 688
26 49 713
33 29 268
16 27 116
2 31 235
39 16 572
43 16 852
33 9 284
49 6 440
35 43 714
26 16 750
31 21 571
32 8 232
41 30 10
41 2 927
47 18 599
10 25 743
33 37 420
26 9 638
30 46 425
5 38 428
12 1 70
19 17 966
33 33 583
22 5 640
23 37 373
41 24 424
18 40 691
4 33 388
23 41 115
45 30 688
50 21 406
50 47 317
24 27 790
20 24 801
33 35 638
43 33 405
23 13 263
37 20 159
16 44 125
7 17 282
38 45 357
35 44 127
42 20 633
48 28 721
26 19 114
2 27 908
50 4 44
40 49 260
35 9 71
3 5 41
11 6 925
23 20 322
6 25 222
11 37 893
11 4 584
34 14 472
27 38 402
38 42 362
37 23 87
46 37 614
34 30 187
11 24 812
34 5 731
18 2 357
37 48 478
17 17 324
28 37 196
32 24 41
10 12 819
20 5 768
19 40 118
14 35 454
22 9 601
2 24 348
34 42 637
45 50 251
25 23 558
10 40 236
50 38 881
36 44 136
12 11 709
30 14 92
20 1 528
47 28 885
43 32 459
6 10 863
13 37 218
32 18 21
19 9 745
19 50 946
27 25 287
30 40 661
1 18 155
4 33 802
44 22 390
24 26 222
6 4 705
43 9 677
45 6 1001
3 9 919
3 4 22
36 3 969
14 4 250
44 47 218
48 28 888
47 39 335
48 12 310
36 35 498
31 30 469
30 11 239
18 46 968
37 18 302
46 14 673
4 43 541
49 16 870
27 35 418
2 19 148
14 1 2
20 47 276
11 35 586
1 22 423
32 12 844
24 5 876
35 4 635
8 19 697
23 1 582
27 8 1014
2 13 797
22 48 67
6 18 580
3 46 338
12 2 53
15 17 7
42 10 462
10 26 786
39 7 317
29 45 511
29 49 220
47 6 389
23 47 885
22 29 934
17 24 383
42 34 304
49 50 315
42 16 178
35 50 450
46 27 627
14 6 890
34 4 988
38 26 995
12 7 840
39 44 283
15 34 420
6 47 295
12 39 989
25 42 325
39 4 46
21 6 618
30 16 923
7 18 237
20 16 717
39 33 718
10 2 671
42 19 18
40 16 730
28 12 170
1 2 579
35 21 562
31 43 588
26 50 554
5 44 98
11 46 354
30 19 241
42 26 825
11 8 48
50 7 925
13 33 775
20 12 38
19 19 972
25 34 459
40 12 648
39 33 924
20 31 605
4 2 133
21 25 92
16 10 341
14 27 501
19 34 772
16 23 417
3 5 81
42 14 371
20 5 706
5 24 967
48 18 1020
17 47 959
3 9 880
42 5 530
20 43 478
9 40 214
35 20 589
20 41 968
30 19 210
50 35 931
23 7 56
44 38 413
38 46 961
26 5 220
1 46 928
45 42 354
16 19 916
43 22 962
13 5 516
21 33 95
15 30 290
37 29 148
27 25 566
1 49 724
50 44 564
36 23 590
41 6 951
47 5 939
39 39 14
29 41 520
3 38 688
38 40 856
44 12 92
11 38 524
13 33 185
16 4 563
7 45 467
6 44 421
21 38 742
46 43 1003
6 42 483
24 35 132
50 34 206
28 2 326
20 10 307
11 13 583
4 23 806
27 3 642
35 37 300
24 48 818
32 10 687
42 21 567
8 42 191
14 27 1006
26 21 445
23 5 528
20 39 128
49 49 452
19 40 835
13 1 629
15 41 197
30 31 819
6 32 145
6 30 594
36 2 323
8 2 8
11 1 298
49 27 590
35 13 80
15 18 871
24 29 494
19 6 922
37 49 235
47 37 617
37 14 723
19 15 69
22 19 111
40 2 901
21 44 69
47 37 905
30 50 900
10 3 814
31 48 612
32 28 995
39 44 194
35 13 326
29 5 887
14 13 199
31 39 381
49 33 678
43 36 533
29 15 54
48 19 776
6 24 195
14 30 449
43 17 762
20 20 13
18 40 688
42 31 966
10 28 569
31 37 818
3 12 77
44 11 343
5 18 309
37 10 421
15 12 426
50 12 883
4 4 1022
17 11 4
2 23 859
16 8 309
6 49 686
49 11 514
38 28 974
30 45 296
3 37 798
35 21 690
29 11 977
11 6 692
28 12 586
31 26 500
2 16 501
21 42 355
9 43 1008
50 4 633
37 33 705
33 45 398
22 45 987
18 50 419
41 40 920
41 10 307
23 49 872
7 27 551
27 44 707
24 48 529
7 39 62
12 7 128
22 12 192
1 4 746
34 23 97
47 13 873
29 27 710
17 32 1020
24 41 769
1 16 536
12 21 510
32 16 484
38 32 257
19 36 522
17 50 286
46 46 232
7 23 993
39 48 730
14 38 249
34 6 603
50 39 161
37 2 752
37 12 954
43 10 545
33 11 303
38 48 795
43 49 285
13 2 214
23 26 865
5 29 592
31 25 593
23 27 482
30 15 125
32 26 4
7 30 25
13 24 505
37 33 207
5 38 536
12 8 42
36 45 434
14 11 196
22 37 550
8 17 627
27 34 186
31 28 112
50 34 109
44 13 680
34 26 88
45 49 818
1 40 485
12 44 26
3 21 907
1 29 201
30 49 1021
24 36 933
21 40 75
7 22 928
48 35 25
21 8 929
16 40 297
46 45 42
38 17 913
32 12 168
41 45 224
27 2 219
38 37 63
46 11 98
41 28 51
26 49 296
2 39 455
45 34 818
24 32 945
13 40 863
10 1 411
40 7 484
27 47 464
40 39 169
28 3 129
23 23 864
50 9 580
27 17 168
32 33 287
31 3 916
46 37 808
32 9 176
4 45 462
7 17 171
30 27 256
31 13 33
7 28 517
31 14 256
10 47 215
31 45 655
34 21 99
34 23 270
13 1 230
38 28 458
35 2 812
39 35 899
29 50 182
35 7 876
2 35 615
32 41 760
36 6 444
1 19 497
44 25 546
19 35 549
28 29 884
39 42 175
31 48 332
12 38 835
36 20 68
29 21 525
16 19 312
25 31 531
43 6 14
2 28 339
15 6 259
17 14 130
10 32 418
2 35 848
47 34 59
34 43 16
48 33 218
10 32 895
2 23 559
9 13 799
16 23 979
33 19 626
1 14 201
36 2 635
37 33 12
2 1 592
41 26 920
38 50 52
21 12 888
13 12 206
22 5 117
47 10 124
22 36 86
28 10 174
10 21 613
15 48 350
6 47 814
13 32 299
12 3 352
20 4 109
32 19 977
31 8 148
33 30 745
31 45 808
6 36 423
25 25 452
2 47 211
47 2 238
13 39 225
49 38 719
36 20 72
37 33 538
46 18 266
44 3 629
31 38 967
32 10 903
22 34 1
41 1 649
41 39 623
12 20 149
1 34 317
2 3 592
32 17 10
45 22 151
32 42 334
5 19 655
21 25 988
40 14 422
29 22 1019
20 33 493
36 33 349
36 28 110
20 49 764
29 25 681
16 6 49
31 45 739
6 4 991
8 2 703
35 12 926
32 11 396
39 5 277
19 18 766
46 30 787
36 2 705
16 20 261
43 14 857
18 4 87
12 34 321
46 36 518
36 39 844
17 9 696
36 44 939
14 48 603
17 14 249
16 4 582
35 41 190
17 12 930
12 42 966
14 1 270
48 40 417
46 28 632
27 42 953
8 49 710
40 30 341
47 47 881
28 29 432
10 12 526
48 41 243
18 2 50
39 45 685
3 18 1013
41 9 60
31 13 412
29 35 994
29 47 832
5 34 801
1 19 532
7 33 762
11 28 438
37 5 948
36 35 905
10 22 694
27 1 176
34 23 460
5 2 833
24 30 170
39 32 135
22 16 237
4 6 161
18 19 798
33 30 532
33 20 368
45 47 868
3 4 220
7 30 396
29 1 827
33 32 90
33 32 255
21 8 270
35 10 205
38 16 31
8 38 871
47 1 292
45 20 707
4 24 702
6 18 501
8 50 1011
17 49 125
6 30 76
9 41 294
50 17 162
30 25 356
2 18 925
43 41 71
35 17 595
15 32 777
41 7 78
7 34 331
25 34 960
17 36 90
50 22 576
45 23 326
45 8 866
11 46 771
37 5 40
37 10 84
18 10 462
25 39 970
32 50 483
16 2 418
43 3 562
15 32 315
45 41 24
33 1 1
11 12 846
38 42 687
8 26 712
25 50 263
22 25 288
22 39 919
30 44 1001
2 46 140
47 50 727
26 9 365
49 15 609
18 24 52
4 10 731
43 15 460
17 21 333
4 13 606
41 50 934
24 5 8
3 9 117
20 1 176
45 26 563
4 38 572
45 20 455
17 30 373
15 34 58
25 20 1015
49 15 980
4 40 395
14 50 370
18 38 422
45 27 600
4 1 799
43 32 392
2 43 258
42 32 214
15 27 1016
29 10 33
40 13 304
30 32 127
6 13 729
13 4 415
27 23 280
45 17 448
10 46 987
7 44 23
5 23 229
21 49 282
45 48 322
9 36 731
44 30 617
12 43 162
40 29 206
48 12 55
50 23 709
38 42 828
27 33 232
20 11 339
28 20 276
12 6 490
2 23 28
41 42 443
47 36 377
10 38 220
46 47 779
30 14 217
21 38 346
31 34 90
1 42 849
5 17 414
1 35 169
9 19 479
37 18 258
26 23 866
18 45 541
40 9 124
4 45 738
16 39 305
25 45 669
4 38 971
39 41 486
43 45 813
30 13 855
34 25 302
12 14 732
39 14 886
9 16 507
18 25 214
11 16 372
26 38 329
31 27 68
39 32 366
2 32 180
20 20 606
19 22 570
11 29 241
40 34 211
45 21 333
48 31 632
29 46 1003
15 44 302
21 14 590
36 45 72
40 5 910
18 28 824
14 36 353
31 18 135
38 32 227
40 27 605
50 40 676
12 12 18
24 50 261
39 12 756
46 29 71
4 13 157
29 35 37
29 9 255
4 22 768
43 45 668
40 33 126
14 44 617
13 37 621
3 8 437
30 35 410
1 49 229
19 10 165
26 49 402
9 1 900
19 33 59
14 24 336
47 39 717
13 33 829
44 47 115
39 50 422
33 20 914
37 47 774
2 40 632
13 47 702
9 13 999
13 43 410
16 38 773
3 17 789
24 33 540
27 15 411
48 10 938
28 23 944
6 4 362
23 21 262
8 29 95
46 12 231
2 27 710
5 14 828
16 26 362
27 44 245
18 49 721
45 11 57
46 5 228
47 3 163
46 15 619
39 35 391
7 26 620
43 12 178
30 47 193
37 42 727
4 24 566
45 26 1022
23 29 397
2 39 293
43 31 344
43 3 77
2 12 1011
10 11 765
10 9 902
16 47 554
48 3 445
28 10 950
33 9 825
1 8 969
7 26 947
21 17 49
11 8 377
5 11 783
19 9 1018
18 49 862
38 32 876
24 39 63
50 24 53
18 31 993
28 8 520
47 29 986
19 30 722
15 49 399
11 18 922
17 46 730
42 30 440
33 11 438
10 7 1010
40 14 928
49 1 774
26 6 41
35 15 53
39 15 440
40 7 852
44 12 17
18 25 239
11 50 458
24 32 133
8 46 171
45 38 283
1 48 411
7 18 455
15 2 430
2 49 659
23 4 939
47 21 390
45 17 896
41 9 462
12 29 436
44 47 690
22 11 126
6 23 826
29 14 311
28 35 6
45 9 84
49 9 421
42 42 608
22 38 582
34 29 396
47 43 1003
37 3 267
16 4 604
18 19 278
5 12 562
18 39 35
13 16 549
11 4 201
24 17 433
8 50 135
33 44 614
12 35 348
1 49 548
10 44 230
45 26 852
28 36 806
11 32 174
43 16 438
9 9 504
14 3 145
22 18 807
31 34 965
50 9 934
18 42 589
3 26 72
29 22 299
44 42 89
26 37 260
17 50 519
47 34 850
50 41 470
46 47 5
16 22 897
8 31 882
15 23 211
13 29 938
5 8 931
44 20 284
19 38 520
33 20 480
5 13 482
43 27 650
10 40 809
24 20 16
50 39 600
49 15 728
40 26 801
9 42 410
18 34 736
49 6 997
38 48 446
39 1 420
27 41 473
37 34 670
43 38 858
43 50 530
21 31 127
37 21 161
16 8 428
46 10 228
41 6 781
28 21 69
22 4 842
45 4 325
10 48 497
47 47 822
28 46 869
5 36 152
36 1 385
6 8 398
33 37 681
34 33 467
1 21 865
32 26 257
39 22 231
19 37 797
34 39 454
25 25 378
35 37 740
43 13 573
40 29 178
22 50 940
37 6 207
38 50 175
16 45 723
46 40 621
11 23 33
9 2 198
42 41 1020
24 30 827
32 48 587
37 11 794
36 41 19
16 2 539
35 17 562
5 25 241
40 34 279
28 32 40
25 41 8
43 31 53
20 50 292
31 1 961
41 36 160
31 12 338
4 45 662
17 44 311
31 23 641
29 27 698
21 16 520
23 1 992
13 21 638
14 34 349
21 13 823
26 26 478
11 6 117
5 49 245
20 22 771
31 15 298
28 23 928
11 22 276
19 14 611
49 34 31
1 11 321
36 37 835
10 14 404
43 35 499
8 38 231
38 39 672
47 23 811
44 43 931
16 3 140
44 44 598
49 33 698
39 6 638
12 9 542
14 15 938
8 49 464
43 47 102
37 14 641
14 13 474
9 20 244
7 16 170
7 11 545
45 21 671
29 4 469
20 5 486
38 40 303
11 4 380
20 7 458
8 18 416
36 14 900
22 43 295
33 29 913
19 11 735
12 41 537
35 22 679
25 20 579
50 3 502
16 8 275
14 13 5
22 20 745
27 40 863
2 23 922
18 5 254
16 23 921
35 33 692
39 31 836
30 16 455
29 44 732
1 38 280
42 33 320
30 2 423
19 46 1013
19 13 282
7 14 553
10 21 988
49 49 709
3 27 408
13 6 13
39 10 9
29 45 630
50 49 421
36 1 508
46 5 1000
49 27 558
40 49 800
28 11 791
46 10 776
21 49 261
37 16 72
26 24 774
18 45 67
8 30 337
2 24 622
28 43 315
17 32 18
45 6 830
35 49 206
34 15 962
7 16 754
50 48 687
32 43 678
35 12 752
2 19 164
49 46 396
22 31 745
47 7 476
12 9 458
32 28 450
40 7 78
49 20 190
44 22 225
3 39 449
49 3 395
3 34 509
19 8 1022
42 4 641
32 3 318
36 41 749
4 24 791
22 24 169
35 15 259
17 14 296
30 4 15
41 27 449
44 23 470
18 35 222
3 22 246
44 5 932
28 30 176
21 27 297
47 37 355
38 22 615
26 39 854
10 15 590
17 25 119
23 7 41
18 23 414
28 40 252
13 28 355
5 20 139
17 22 584
20 37 786
11 9 962
6 23 871
35 27 22
7 39 454
29 22 771
33 30 778
46 50 549
7 27 121
43 48 432
44 19 360
11 33 266
34 38 527
25 38 161
36 25 156
42 34 706
7 43 284
5 18 189
20 23 786
46 35 827
26 5 963
43 14 843
1 44 337
41 32 860
34 1 739
25 38 886
20 11 670
40 39 1002
43 50 934
4 23 453
32 42 247
22 36 831
40 41 531
18 42 926
12 45 950
7 30 916
28 39 271
24 40 50
34 44 915
23 25 892
12 49 1014
9 12 850
7 16 64
11 49 458
48 42 596
15 17 280
2 49 54
27 46 24
20 23 969
13 19 219
13 37 1004
49 35 215
27 7 741
31 46 712
19 13 903
35 8 37
19 45 855
5 42 529
21 35 743
43 34 738
10 43 467
37 22 527
35 22 898
21 12 246
40 21 403
24 41 537
31 30 403
2 31 943
42 25 267
26 50 25
29 3 28
27 12 746
39 49 130
47 28 936
41 25 387
24 27 564
48 50 518
11 40 98
27 31 617
38 48 479
12 30 96
41 31 354
12 20 962
29 26 232
11 14 61
48 7 432
22 18 914
43 41 164
30 39 794
15 27 641
40 1 743
15 19 215
8 28 495
1 35 639
39 6 128
13 42 519
7 27 86
16 5 880
35 24 175
4 34 140
14 18 357
14 46 552
16 3 379
3 37 536
7 33 595
20 47 918
38 2 724
45 9 543
46 10 731
37 12 984
23 13 627
13 5 831
2 38 138
37 41 79
10 45 451
45 23 411
22 21 991
2 13 719
42 15 319
16 42 171
28 34 342
22 12 437
3 28 764
47 28 371
41 9 748
6 32 31
44 42 851
38 20 842
26 6 20
41 17 252
39 21 779
16 18 33
8 13 294
44 16 188
26 23 985
46 8 173
11 10 399
17 25 583
30 40 461
48 17 856
14 26 416
38 30 734
9 39 459
21 43 656
27 5 347
22 15 835
29 33 601
15 8 425
39 30 449
15 14 706
24 27 403
6 27 868
39 28 66
24 17 201
21 30 548
7 48 219
1 32 343
32 14 305
27 9 934
36 36 658
10 43 435
47 24 264
24 13 464
30 34 611
48 1 926
23 3 371
22 50 531
6 50 206
6 10 323
27 24 584
5 26 279
22 46 105
45 18 274
41 5 70
35 20 800
9 50 49
6 23 530
24 6 569
50 13 391
46 2 400
16 48 758
38 8 972
27 47 538
19 24 757
9 13 750
5 42 946
49 42 951
40 29 506
14 3 875
35 4 460
20 14 617
23 13 392
40 25 269
36 35 215
41 33 300
28 24 478
38 27 970
49 13 648
22 2 700
25 6 425
32 16 240
41 26 932
20 34 415
43 4 96
48 39 826
27 6 584
1 4 755
14 23 1007
9 45 112
44 37 564
35 50 784
48 2 479
23 14 561
31 21 998
20 30 736
44 34 683
6 10 781
1 40 267
32 2 359
19 23 58
13 3 306
24 1 123
43 50 684
17 46 330
43 41 796
50 22 893
13 7 643
30 33 521
47 30 138
36 17 224
33 41 798
7 19 653
40 30 16
41 43 195
13 49 712
12 15 578
25 8 470
35 46 475
15 5 403
22 27 98
3 19 671
11 20 410
44 32 711
50 33 716
41 33 67
39 43 639
37 50 566
22 25 580
21 38 204
9 47 861
48 41 44
28 14 758
21 1 892
16 26 704
40 18 295
47 39 590
28 9 339
50 43 747
6 49 345
14 13 888
27 29 19
21 43 639
37 18 946
20 26 545
15 32 50
20 17 975
2 18 229
42 14 101
50 50 6
10 38 1009
7 18 764
36 14 696
27 1 262
45 16 263
28 4 165
47 28 25
1 36 624
17 16 698
39 37 308
14 26 174
47 24 771
37 28 429
29 30 724
20 6 518
4 18 406
20 31 640
40 25 149
21 37 1000
25 28 47
12 42 466
9 32 920
2 28 556
9 19 616
5 35 275
4 35 193
32 4 91
39 18 151
16 41 997
18 36 911
38 11 162
36 2 984
18 6 450
26 15 70
21 4 178
17 20 741
1 28 812
8 11 608
30 6 850
40 33 1019
5 21 884
49 38 405
4 11 739
2 40 346
26 19 954
34 41 940
14 50 935
7 4 670
15 20 764
23 25 473
30 10 353
4 42 606
41 33 963
12 4 1001
41 13 173
17 6 597
35 22 263
42 24 386
24 19 28
40 3 900
16 28 769
18 5 876
14 24 593
31 34 631
50 40 470
36 7 437
2 28 549
13 36 963
16 4 439
46 47 87
30 3 1014
6 22 59
47 38 812
6 38 42
38 22 200
18 20 30
43 38 92
2 22 790
43 26 629
34 49 881
13 33 268
37 41 148
22 39 474
28 7 215
20 26 26
45 2 650
21 41 766
31 20 292
18 11 583
34 22 413
4 49 794
36 41 691
14 26 432
11 34 576
33 28 173
11 41 457
27 8 914
8 7 221
27 24 319
22 28 234
17 2 443
17 49 165
34 44 797
24 18 935
19 37 725
36 33 138
15 32 788
31 36 399
20 18 595
48 43 835
41 21 919
48 7 516
47 11 452
32 40 131
44 33 584
26 30 974
14 17 422
32 6 631
25 10 923
21 31 663
15 47 503
24 24 172
19 32 82
20 31 786
49 45 98
42 4 655
36 34 238
31 39 293
27 48 900
38 8 537
37 17 329
22 10 744
34 19 254
7 22 204
5 22 158
14 3 339
20 9 584
38 23 680
38 43 217
31 13 430
25 41 419
17 30 235
20 23 464
50 48 78
50 6 279
32 9 511
3 8 48
20 29 849
43 31 661
48 5 466
32 12 280
15 44 850
9 31 16
34 10 317
16 30 493
29 22 218
47 50 537
10 15 888
7 20 398
6 15 374
42 7 289
21 35 743
20 35 500
18 10 247
41 1 608
11 42 907
25 42 469
21 33 925
2 29 27
32 26 127
14 15 450
1 15 688
31 2 726
13 17 718
21 2 960
23 19 989
41 2 441
42 17 238
42 33 320
4 39 1021
16 11 432
49 47 919
43 5 484
39 34 62
12 8 965
3 43 703
20 4 51
45 48 376
20 16 1005
2 34 607
27 48 984
9 45 668
17 36 385
19 32 777
19 38 172
24 41 564
38 29 279
7 14 768
14 31 203
34 41 993
50 29 1000
46 27 196
7 3 455
47 39 255
6 17 418
32 38 478
28 23 429
40 6 1013
1 46 222
2 10 840
35 46 893
23 28 220
46 36 632
46 9 438
16 10 59
26 46 458
38 12 345
1 37 326
27 19 370
6 47 795
22 35 205
38 20 431
13 5 820
24 36 994
34 3 240
28 8 223
2 37 926
38 6 497
26 32 262
34 40 422
20 24 352
40 50 297
40 22 458
13 1 263
28 14 456
47 12 206
43 50 929
9 8 351
26 2 962
31 26 583
41 47 428
49 28 1008
25 23 239
28 43 263
26 3 397
25 3 82
30 6 198
24 10 882
10 16 257
43 4 1022
14 27 90
21 1 929
29 21 256
44 29 157
33 48 594
47 18 583
38 16 163
21 21 546
18 46 996
45 22 782
27 10 97
25 39 752
34 16 651
17 36 374
4 28 392
50 48 430
44 29 343
17 13 288
25 15 697
5 25 580
16 20 250
39 6 371
43 31 769
17 41 88
40 26 84
2 39 561
8 36 303
13 32 645
42 10 49
15 8 982
34 18 479
2 9 247
40 3 41
12 37 546
26 36 767
41 20 648
18 18 6
30 17 845
10 4 420
21 15 635
28 4 554
20 8 126
28 44 382
28 1 636
3 13 635
43 42 699
36 15 938
6 6 639
42 23 853
19 25 479
31 17 829
45 40 875
33 20 497
3 14 620
10 10 968
42 33 41
12 45 955
1 46 64
32 3 1005
11 22 952
27 19 137
9 49 755
1 18 786
9 13 533
14 48 65
34 40 13
40 5 284
44 18 126
24 47 525
35 37 820
12 10 714
20 37 416
4 35 1008
35 31 292
34 48 291
43 49 569
7 40 258
12 43 556
46 34 851
36 22 285
25 47 572
25 36 891
44 6 204
5 5 100
17 33 7
20 31 800
14 49 560
4 48 923
26 43 510
33 18 250
4 9 157
13 6 271
44 43 491
49 33 610
44 49 125
23 25 692
41 4 895
18 32 889
29 16 186
3 45 983
44 30 191
37 12 387
17 11 83
44 29 907
6 19 302
29 38 790
35 36 985
47 6 57
10 44 169
42 48 769
1 49 662
16 12 806
40 9 114
4 34 1006
36 14 196
27 31 671
27 5 819
2 36 17
4 20 1021
9 49 496
18 15 104
12 38 343
50 7 521
42 38 954
32 17 569
6 31 1008
2 30 537
15 24 258
27 34 293
50 25 884
28 30 519
50 27 53
38 42 741
36 16 763
5 49 599
23 47 955
7 17 465
5 19 625
38 14 524
4 20 229
40 27 644
32 26 766
25 40 951
6 48 934
34 27 316
3 29 87
34 45 539
30 25 734
49 35 735
47 49 168
26 31 321
37 9 36
41 13 467
27 46 609
6 38 912
15 12 295
3 6 535
31 24 5
42 50 131
12 17 701
41 50 531
30 46 961
21 6 637
45 18 689
20 5 962
30 21 418
28 46 47
32 9 517
48 23 209
33 45 172
25 17 1021
22 18 386
12 44 782
23 39 289
3 38 771
5 25 469
35 35 96
25 12 451
32 48 1017
4 22 768
12 38 953
2 14 386
18 34 541
28 49 585
21 24 182
47 38 777
13 11 470
16 42 794
44 44 607
23 18 289
27 7 493
39 40 389
23 12 515
39 31 351
12 47 369
19 13 33
17 5 290
18 19 399
28 36 814
30 2 572
49 39 78
41 31 429
8 18 195
35 3 559
6 38 272
21 1 838
44 1 890
18 24 326
49 14 839
24 30 138
4 26 362
2 6 992
29 27 335
29 4 922
12 17 95
48 7 144
43 4 849
8 28 767
45 25 621
2 18 126
33 13 218
7 34 990
5 10 166
14 23 141
36 46 292
16 3 836
42 4 637
9 19 1008
23 38 286
42 20 367
9 29 1013
21 36 993
31 5 619
47 11 172
10 42 244
19 28 538
32 28 521
23 25 94
1 13 448
37 20 973
32 7 667
27 9 577
2 3 475
30 48 352
25 3 366
7 33 973
29 44 140
50 39 1012
16 26 816
7 46 899
40 15 597
25 45 880
5 38 586
2 12 931
29 22 947
17 29 456
17 46 335
46 4 142
22 25 507
50 46 77
42 7 460
31 21 458
23 16 834
6 32 753
31 18 609
6 2 835
27 28 288
38 27 831
33 37 410
50 9 384
44 27 792
6 20 276
12 12 432
21 28 376
8 4 72
18 10 10
34 42 319
50 47 142
44 28 842
41 29 224
41 31 851
40 33 610
14 34 360
23 44 566
18 9 130
21 14 988
23 21 684
39 39 986
9 12 472
17 19 843
50 32 103
29 32 13
17 20 582
5 48 865
22 1 944
35 27 672
27 49 477
36 13 941
9 26 717
9 30 963
49 16 282
34 19 1007
7 29 734
6 3 350
40 9 609
39 7 473
50 42 5
9 32 152
26 4 740
33 15 869
49 21 32
19 3 76
39 2 966
43 26 190
2 12 913
39 34 64
24 31 260
44 12 916
5 49 774
42 4 411
3 19 1018
2 21 259
30 36 771
32 47 952
41 37 97
42 26 579
22 35 370
22 32 697
31 22 586
39 26 553
14 27 348
24 25 552
17 43 272
36 35 691
23 21 916
35 44 267
25 13 395
3 40 422
42 45 784
39 18 317
50 41 260
9 13 251
44 37 519
29 1 236
41 50 534
31 49 1019
32 6 773
37 9 447
41 46 918
28 19 475
47 40 188
49 2 279
23 42 359
11 40 988
3 11 244
8 43 103
22 14 817
36 30 125
26 12 118
35 14 896
30 20 720
4 18 355
1 12 1003
22 20 171
37 43 132
15 30 936
39 40 434
30 12 187
34 34 1011
41 19 296
5 20 175
26 45 708
24 27 460
8 11 396
3 27 548
17 19 273
20 2 360
11 5 617
44 10 434
30 17 547
12 14 96
7 48 723
9 43 230
41 21 567
37 16 53
50 21 163
49 35 620
23 24 810
20 38 967
40 13 635
20 34 237
22 15 766
25 1 1019
34 38 530
44 10 258
32 46 13
38 26 915
45 40 925
1 39 193
9 35 555
46 12 502
39 29 521
45 16 224
32 23 58
38 32 184
8 30 237
23 19 1010
26 1 949
14 18 347
31 23 157
42 30 425
38 43 945
11 47 852
22 34 170
40 38 836
6 36 450
8 48 321
23 15 251
1 39 543
13 7 264
33 38 380
24 4 490
15 18 777
15 3 891
37 43 346
12 16 70
30 6 8
8 45 607
19 42 872
8 33 103
10 50 400
8 26 121
34 30 883
35 48 738
26 23 155
21 49 1017
11 45 255
4 9 1021
3 50 863
1 13 142
28 1 383
17 39 835
43 26 101
2 7 650
35 7 267
31 40 291
35 32 487
36 35 155
49 3 896
32 29 389
8 32 758
31 10 724
13 6 378
21 47 284
21 3 491
23 19 108
3 5 394
26 3 893
45 25 126
31 33 23
13 28 214
42 22 604
15 24 618
47 21 874
30 17 58
3 31 573
6 9 830
9 50 903
7 26 110
35 33 529
50 22 272
26 49 257
43 28 731
43 36 461
17 3 361
42 8 566
22 10 131
48 41 410
31 45 870
14 35 917
45 6 8
27 15 229
9 43 949
38 14 807
22 50 775
47 34 491
3 26 886
43 24 119
22 41 995
21 1 807
20 31 900
20 21 361
46 46 502
13 38 936
15 45 976
24 42 165
5 2 214
45 42 626
48 22 550
30 27 28
37 2 694
14 28 859
25 12 713
42 40 11
30 34 892
18 22 647
8 28 165
7 42 216
39 44 6
26 13 892
25 8 8
46 45 192
15 33 627
37 24 903
17 25 125
1 40 639
11 4 911
22 36 261
11 49 156
27 32 95
24 14 899
41 19 394
34 34 509
10 44 734
47 21 480
1 9 315
30 39 795
20 6 428
27 26 450
4 40 466
9 45 1016
15 2 34
1 35 758
31 37 704
14 48 329
6 14 54
49 3 689
9 3 470
15 33 328
50 39 780
7 30 359
6 19 1005
37 41 607
45 31 459
35 45 685
30 20 64
6 29 960
6 25 160
2 25 790
27 5 270
42 24 130
35 47 969
18 16 126
36 11 356
39 6 275
19 44 456
26 19 972
17 34 444
23 34 314
13 38 133
17 11 40
5 38 639
41 43 889
50 10 287
27 31 952
30 44 977
11 26 985
4 22 354
19 1 176
33 1 128
9 19 642
15 1 309
40 32 871
9 42 436
48 2 264
33 22 780
21 38 240
25 5 143
22 45 360
29 38 315
37 22 272
36 4 369
43 13 263
13 35 87
38 4 959
3 47 812
38 47 70
36 10 743
50 15 49
48 36 165
26 43 168
19 44 767
28 48 727
26 23 520
30 5 616
8 5 267
41 10 687
49 22 990
44 13 228
43 16 997
21 31 6
8 35 121
40 24 849
45 12 857
13 36 610
16 20 537
47 4 675
49 6 352
2 44 363
42 22 556
46 10 444
13 11 738
18 41 1008
2 24 302
17 48 1008
2 16 830
15 2 107
45 38 156
21 4 374
14 50 788
48 10 847
24 50 583
9 17 107
6 46 874
8 35 112
41 29 298
23 35 370
21 40 248
44 20 102
7 3 789
45 18 387
12 46 343
44 37 439
49 34 351
21 10 901
27 9 843
50 41 365
44 33 322
37 45 522
20 27 33
12 47 785
34 37 383
42 10 206
23 33 235
18 27 190
29 10 2
15 19 575
14 35 104
3 10 736
10 8 185
26 45 675
39 26 454
27 49 829
2 20 938
20 48 170
38 19 738
20 4 941
31 7 408
27 11 966
21 7 371
33 3 168
30 48 62
23 48 330
16 35 945
44 6 852
4 21 803
8 32 554
49 10 279
1 28 628
3 29 16
37 5 661
42 2 551
14 43 154
3 21 80
40 7 575
44 50 327
7 26 865
30 40 509
47 8 796
11 11 266
12 24 231
16 24 668
46 4 890
15 8 315
2 38 399
27 23 677
34 41 245
26 20 473
18 28 445
41 47 791
40 45 618
32 50 787
24 19 444
48 3 203
10 33 14
42 32 653
34 18 489
34 31 8
21 26 293
3 44 652
30 15 799
3 22 114
13 27 533
43 38 471
25 22 945
36 46 662
31 43 649
12 32 401
32 45 905
42 48 148
14 16 520
5 8 1021
6 5 1010
14 26 16
25 27 29
42 38 705
44 47 785
19 24 685
15 24 1010
7 36 315
50 47 991
1 26 436
22 50 94
11 6 629
10 41 408
22 50 671
35 2 590
45 48 535
23 26 692
45 32 186
10 12 139
22 9 138
46 12 1020
20 23 122
14 35 472
5 43 847
13 28 984
1 42 225
39 28 986
18 6 945
15 10 466
20 31 128
10 19 555
42 48 665
24 11 937
6 5 318
36 8 592
10 26 542
15 25 509
11 50 667
12 43 636
30 7 690
30 14 900
24 18 743
16 19 302
12 39 361
14 47 629
38 25 718
4 46 873
2 38 743
12 23 242
1 24 129
9 25 584
13 32 246
10 33 132
4 8 753
44 33 529
14 17 680
43 39 609
25 29 280
3 27 893
1 36 335
12 48 961
8 34 356
33 39 368
43 27 311
26 35 210
11 31 724
28 38 699
4 13 335
18 17 438
10 14 631
16 47 693
33 25 550
35 26 449
19 16 56
5 42 273
37 8 915
12 6 535
6 10 477
31 18 108
5 50 570
5 38 500
34 31 529
11 48 36
12 3 831
50 31 595
42 40 540
36 43 911
21 22 396
24 25 823
18 42 191
38 18 17
1 5 1019
46 4 995
6 8 563
25 4 652
4 19 328
50 23 869
26 20 67
41 2 290
50 43 9
33 25 242
6 39 326
24 4 212
12 4 966
16 9 105
1 44 326
49 43 216
21 7 73
22 39 870
20 22 151
10 19 682
48 17 846
35 2 287
32 11 575
10 22 131
19 37 344
48 22 267
33 12 662
14 17 75
20 12 915
5 1 756
35 4 474
30 24 247
7 3 237
43 38 223
18 48 254
2 23 55
27 22 813
17 8 613
9 19 259
24 3 300
39 4 640
31 48 611
1 48 869
5 16 367
14 50 22
21 50 5
29 3 622
45 2 949
19 18 368
50 29 139
23 23 733
7 3 691
46 5 616
43 7 229
6 17 60
7 35 642
24 43 110
6 46 123
1 47 943
13 16 289
28 22 327
12 34 340
2 16 251
27 31 509
38 34 820
33 4 464
34 49 9
47 3 455
41 19 613
26 27 904
2 23 310
17 11 400
35 16 350
6 11 35
42 17 752
18 14 446
11 6 736
27 10 497
6 31 884
38 44 213
23 30 923
49 29 563
11 35 546
42 31 56
7 35 186
41 16 118
43 33 306
40 15 1019
17 10 452
17 7 922
1 16 488
38 10 946
42 1 861
23 22 536
34 7 904
33 40 689
27 31 148
33 8 101
37 9 582
20 25 220
44 6 27
48 2 807
10 23 728
23 10 235
19 9 357
5 37 50
6 25 315
12 2 930
15 17 189
14 13 988
14 36 270
40 40 695
29 2 547
29 48 222
23 7 258
35 10 229
34 45 622
20 39 622
38 25 292
35 22 516
21 42 778
15 5 715
7 39 408
14 40 725
25 38 73
14 37 290
2 45 283
20 3 43
7 31 484
1 11 518
48 48 978
23 17 231
3 33 855
11 20 26
22 27 452
19 29 756
4 6 290
15 13 1002
40 2 26
32 25 817
3 7 476
17 3 715
49 33 452
7 22 1023
50 47 285
45 31 467
17 27 56
19 34 835
48 43 47
49 5 769
26 22 910
38 45 572
43 33 502
44 40 389
25 38 223
41 10 491
28 4 432
24 32 915
13 16 731
46 43 511
38 7 1004
18 29 703
23 28 110
5 10 355
22 27 937
42 37 299
19 32 231
30 3 336
32 3 864
18 21 35
41 31 49
5 24 928
41 44 1014
11 37 695
25 34 505
33 49 263
6 8 308
9 49 134
21 10 550
36 8 889
38 42 270
33 3 1001
17 42 616
40 26 617
30 7 484
36 43 284
5 13 960
23 11 794
49 24 6
39 43 431
17 33 939
16 13 838
14 46 600
49 46 114
15 35 663
22 2 674
42 23 340
28 3 617
20 47 273
20 15 369
21 31 531
5 46 21
10 37 252
40 23 693
16 26 336
47 14 133
26 45 426
34 19 709
12 20 219
47 1 780
2 8 941
7 28 1008
39 48 314
47 28 444
49 6 280
46 18 304
40 44 406
8 1 341
14 49 384
33 1 84
24 50 223
25 1 999
31 23 587
12 36 516
5 46 77
41 32 256
7 13 739
5 46 221
4 18 305
5 30 863
28 10 286
10 19 942
44 6 377
35 18 88
15 43 479
3 9 424
10 28 940
36 19 42
46 14 1014
23 15 235
37 14 591
19 21 266
1 18 41
6 38 163
49 40 884
14 22 512
1 44 895
4 1 929
22 35 916
23 44 113
36 40 1014
35 34 495
44 18 791
48 10 787
17 34 186
3 20 19
4 44 93
25 4 14
11 10 470
8 9 431
46 31 255
29 43 12
14 48 649
38 18 738
32 36 314
2 1 233
12 29 413
9 20 378
13 39 25
46 39 545
25 49 747
20 43 664
4 43 983
46 38 428
13 37 218
41 3 766
42 5 805
16 34 576
39 39 634
36 47 938
9 9 26
49 37 380
10 16 706
12 3 142
12 6 627
37 33 747
15 11 183
12 9 844
7 8 972
33 37 532
22 5 479
3 46 930
17 27 678
34 44 51
13 34 152
35 6 120
35 46 827
2 33 24
30 3 535
48 31 170
43 44 321
26 39 517
47 7 939
40 26 395
49 11 273
15 45 766
32 44 682
16 39 58
49 49 5
41 17 150
5 12 142
28 41 462
21 4 879
36 46 29
18 3 1013
22 1 380
44 50 277
13 23 480
48 20 966
8 42 432
47 48 373
42 36 561
43 22 713
30 45 462
29 6 144
4 18 914
38 29 892
31 47 166
27 7 577
32 48 85
49 30 733
33 12 317
21 29 935
49 33 236
18 3 551
41 37 209
16 24 718
33 17 752
37 6 1003
19 38 130
2 5 550
27 41 727
10 7 617
16 20 397
49 6 234
4 20 455
39 22 620
37 16 341
13 30 939
18 8 216
39 3 162
44 50 550
41 39 705
5 8 440
34 18 839
34 13 738
20 11 551
39 2 860
24 30 927
6 16 59
26 19 294
44 42 511
27 36 666
29 25 33
12 1 384
11 13 509
5 27 499
21 23 308
14 8 662
13 31 122
6 36 575
3 13 663
39 5 392
33 23 13
41 7 352
36 35 724
24 38 296
30 33 832
10 16 990
14 15 161
17 31 67
19 6 715
44 47 459
34 20 547
13 9 8
23 40 996
38 35 85
6 26 951
1 33 922
12 2 268
7 32 822
14 4 762
14 45 205
2 35 926
38 32 722
32 39 595
8 39 958
25 7 309
32 39 166
32 47 756
19 43 143
31 5 15
16 25 112
45 13 456
26 23 982
27 32 192
19 43 191
9 25 779
18 46 444
6 6 956
50 5 373
17 8 40
28 33 965
7 42 227
18 4 553
41 28 636
1 15 566
24 48 825
49 4 306
33 7 889
49 6 267
1 34 389
8 19 545
3 42 82
26 15 896
30 16 544
19 7 441
39 6 237
50 11 100
36 36 1012
43 12 696
14 39 927
8 37 878
23 25 218
41 34 854
32 30 555
36 48 252
41 9 683
36 44 332
44 40 309
22 1 286
14 10 9
48 23 621
49 9 629
11 21 350
13 49 194
3 46 745
4 29 208
9 29 187
21 38 604
33 20 288
2 21 215
21 18 737
10 19 877
23 48 538
42 9 107
12 45 829
50 36 255
21 40 602
12 21 1006
47 39 310
36 50 186
32 46 941
1 31 98
22 9 625
12 20 373
2 4 510
47 29 426
2 19 193
6 3 251
2 49 953
47 24 364
20 36 991
32 43 6
18 6 663
17 44 788
34 17 128
19 23 579
30 26 862
21 12 612
36 8 617
21 17 674
2 43 666
43 28 704
46 30 572
27 35 424
26 45 364
5 6 1022
14 42 801
1 33 297
38 10 214
27 4 380
19 4 437
16 43 742
2 38 266
4 2 305
5 45 404
16 6 94
32 33 622
45 39 704
40 49 442
18 3 157
9 24 572
11 14 104
29 45 568
16 1 713
27 37 732
25 16 40
13 6 879
22 1 440
33 11 235
13 37 870
6 2 660
49 47 750
7 26 830
36 34 927
1 23 7
48 24 476
4 18 299
39 7 232
40 23 877
30 47 114
37 5 820
49 9 473
19 11 590
39 15 989
30 30 678
27 46 904
8 21 868
50 44 549
18 40 391
49 29 732
40 44 88
37 18 423
18 10 739
33 24 149
38 10 192
10 31 128
12 16 655
4 40 686
28 1 530
21 10 664
21 22 487
12 39 414
8 30 738
24 22 739
22 38 151
49 16 597
35 15 359
5 4 147
43 29 1004
47 21 954
17 15 169
9 9 701
38 33 608
18 22 120
37 14 623
28 4 978
39 30 95
1 13 974
48 41 4
43 33 951
37 5 320
32 43 82
26 22 264
14 43 312
37 38 489
27 46 286
39 3 988
7 7 169
5 36 204
22 23 928
11 5 471
3 42 310
48 28 603
44 42 177
31 12 516
39 1 252
12 48 53
2 39 983
17 9 196
39 22 922
11 15 190
42 10 789
47 47 457
18 5 910
50 44 940
18 34 1
48 28 331
4 41 275
22 47 97
19 28 886
3 23 475
30 30 158
12 21 435
42 9 271
22 29 185
17 38 338
44 31 432
44 7 722
2 44 888
23 22 944
12 29 318
41 32 1015
2 49 57
46 44 248
38 38 158
38 9 597
4 37 916
21 39 179
41 44 316
14 49 979
30 2 390
6 27 250
46 42 16
16 7 833
14 44 398
39 28 529
16 17 632
50 38 362
34 6 221
7 38 346
29 43 946
11 40 315
43 14 121
34 24 445
22 11 332
35 25 663
34 7 106
10 44 145
14 38 306
6 30 35
21 31 750
36 38 663
26 40 179
41 30 238
26 22 291
49 30 963
49 28 837
20 6 623
11 39 637
16 4 87
16 42 60
45 6 850
2 27 783
31 27 372
3 42 705
40 28 538
18 17 942
6 42 549
10 46 816
3 25 467
36 6 749
38 9 186
9 24 489
10 28 638
26 34 677
14 36 935
42 50 904
26 19 655
17 4 655
15 11 497
40 50 155
50 45 352
7 49 131
14 43 634
28 50 358
33 38 729
26 35 316
15 27 444
23 35 157
19 9 907
36 14 95
9 17 618
27 22 453
48 50 169
46 5 557
29 10 180
15 42 57
15 24 552
36 22 722
42 31 911
5 25 153
49 2 724
7 38 862
29 41 354
31 21 320
20 2 144
12 43 100
13 3 432
4 35 951
9 45 138
27 25 990
23 18 664
40 25 625
37 47 924
42 40 335
12 9 268
48 4 817
43 22 607
14 42 519
46 47 538
16 15 814
40 8 402
41 30 294
25 18 295
19 28 407
10 3 489
21 40 858
50 26 740
13 16 654
48 34 508
27 21 268
19 27 926
19 34 827
7 28 240
49 15 830
1 5 255
6 3 77
19 42 135
7 30 111
13 50 48
30 19 485
32 35 448
48 50 454
49 40 938
21 46 832
32 46 925
24 25 732
35 36 328
17 11 411
50 11 949
3 30 593
42 4 453
43 7 439
19 35 489
21 18 868
39 42 777
4 1 582
20 22 670
17 1 424
25 25 216
7 37 368
15 9 908
16 24 570
10 18 650
46 7 148
21 46 46
45 4 826
22 5 522
42 35 885
28 36 363
11 44 100
43 11 801
45 31 742
22 44 647
9 40 177
47 36 886
20 43 573
40 2 373
1 15 830
13 2 827
20 23 570
22 39 1016
29 6 344
2 14 737
27 47 594
19 47 11
36 9 242
35 22 128
37 27 376
31 21 700
39 10 521
5 6 776
19 22 885
41 7 458
7 37 396
2 10 811
7 14 744
1 50 176
37 50 130
44 32 643
7 27 596
20 30 857
20 26 498
15 8 666
50 15 717
15 30 820
12 49 812
28 8 230
29 15 238
31 12 2
43 19 513
8 11 703
18 49 721
49 32 50
5 20 510
27 24 842
22 3 243
49 10 702
29 8 416
49 3 634
35 14 450
50 30 630
7 13 270
6 3 70
35 24 343
18 47 1018
13 11 31
2 44 770
39 6 753
45 49 237
36 45 122
12 26 636
5 46 802
49 6 890
36 3 930
43 15 546
46 33 146
32 48 150
49 30 159
14 26 250
17 20 232
47 40 588
15 29 313
45 21 590
13 26 797
33 28 970
25 18 753
37 27 925
26 27 207
44 22 344
28 32 694
21 48 581
41 14 126
10 42 331
9 47 484
39 4 988
46 3 445
33 26 436
39 17 444
23 12 830
9 22 385
30 37 480
34 49 890
26 42 788
10 33 747
35 13 887
29 39 684
29 33 745
42 29 384
49 15 425
33 23 105
28 25 1
30 37 633
6 19 530
12 2 347
38 23 893
6 28 15
39 48 418
49 17 848
39 9 611
26 3 466
36 45 117
43 32 249
9 5 803
30 40 459
29 49 281
49 28 13
11 19 587
28 14 487
5 8 382
17 50 191
9 49 605
4 50 776
5 39 563
1 18 131
11 3 807
16 50 98
28 32 735
14 44 832
13 18 466
29 4 142
38 40 722
13 2 652
30 14 965
2 8 731
10 7 538
15 43 754
45 25 646
35 16 728
1 17 115
35 47 49
39 18 198
3 4 296
31 31 921
43 34 64
30 35 21
7 32 47
30 24 506
44 26 7
6 29 345
50 2 881
49 16 387
5 45 943
8 21 276
16 32 707
28 1 161
25 19 940
29 27 798
4 46 555
48 29 16
30 26 822
14 30 656
38 4 502
37 44 403
26 37 743
32 10 196
24 18 767
19 43 674
13 44 351
25 46 290
48 27 76
25 6 899
42 48 278
7 19 350
26 41 534
4 2 955
14 40 30
3 11 634
29 31 1021
27 29 1023
3 15 658
12 20 319
18 25 504
9 8 699
35 50 294
19 6 96
48 7 426
25 32 343
37 31 406
21 2 806
32 30 333
43 19 180
12 1 670
45 44 480
18 3 285
18 18 567
3 33 511
29 40 365
39 34 174
14 20 30
29 20 15
41 4 380
16 24 164
36 16 311
15 30 876
26 46 755
46 41 198
39 16 220
49 37 536
30 10 248
7 28 996
28 23 305
43 3 651
21 20 746
48 5 894
35 20 830
29 10 144
24 49 146
29 3 178
3 18 372
6 18 297
49 48 405
16 21 727
16 26 973
31 31 355
27 32 65
4 50 892
50 6 919
48 10 224
47 6 446
12 3 395
12 43 8
25 49 482
49 29 429
43 11 499
34 29